#
# unknown PARAMETER set 
#
#
# TimeSeriesTable of series:
#
# TT.L_Close [260,260] Werte
# TSCO.L_Close [261,261] Werte
# BP.L_Close [261,261] Werte
# BG.L_Close [261,261] Werte
# MGGT.L_Close [261,261] Werte
# AGK.L_Close [261,261] Werte
# RIO.L_Close [260,260] Werte
# SBRY.L_Close [261,261] Werte
# TLW.L_Close [261,261] Werte
# CCL.L_Close [261,261] Werte
# VOD.L_Close [261,261] Werte
# SVT.L_Close [261,261] Werte
# BLT.L_Close [261,261] Werte
# REX.L_Close [261,261] Werte
# MKS.L_Close [261,261] Werte
# ANTO.L_Close [261,261] Werte
# AZN.L_Close [261,261] Werte
# UU.L_Close [261,261] Werte
# SSE.L_Close [261,261] Werte
# RDSB.L_Close [261,261] Werte
# BA.L_Close [260,260] Werte
# AAL.L_Close [261,261] Werte
# MRW.L_Close [261,261] Werte
# NG.L_Close [261,261] Werte
# MNDI.L_Close [260,260] Werte
# BT-A.L_Close [261,261] Werte
# CNA.L_Close [261,261] Werte
# EZJ.L_Close [261,261] Werte
#
#
Y	Y	Y	Y	Y	Y	Y	Y	Y	Y	Y	Y	Y	Y	Y	Y	Y	Y	Y	Y	Y	Y	Y	Y	Y	Y	Y	Y	
1328688000000.0000	200.6000	329.4000	489.7500	1446.0000	364.8000	2148.0000	3873.5000	294.5000	1483.0000	1980.0000	98.7280	1518.0000	4260.0000	378.9000	345.6000	1326.0000	3010.0000	601.0000	1250.0000	2327.0000	314.1000	2862.0000	291.6000	647.0000	532.0000	212.7000	294.5000	460.0000	
1336719600000.0000	185.4000	323.7500	415.1000	1336.5000	397.5000	2202.9950	3142.0000	315.4000	1463.0000	2002.0000	97.8180	1693.0000	3728.0000	403.7000	360.0000	1040.0000	2708.0000	642.0000	1343.0000	2132.0000	279.3000	2187.0000	281.0000	682.5000	536.5000	209.7000	317.4000	534.0000	
1351580400000.0000	250.1000	318.8000	442.8500	1329.5000	387.5000	2129.0020	3142.5000	354.9000	1382.0000	2506.0000	97.2780	1651.0000	4020.0000	449.2000	395.1000	1266.0000	2918.5000	695.0000	1443.0000	2203.5000	312.6000	1937.0000	269.1000	702.5000	674.5000	215.6000	324.3000	619.0000	
1348470000000.0000	231.0000	337.6500	443.0000	1253.5000	398.9000	2358.9970	2980.0000	347.8000	1388.0000	2266.0000	101.2300	1739.0000	3897.0000	437.3000	369.5000	1260.0000	2962.5000	727.0000	1389.0000	2256.5000	334.6000	1887.5000	294.1000	687.5000	611.0000	233.5000	338.3000	589.0000	
1327392000000.0000	189.4000	330.0000	477.4000	1472.0000	370.0000	2051.0010	3700.0000	290.3000	1387.0000	1990.0000	100.2350	1522.0000	4258.0000	376.7000	331.1000	1359.0000	3056.5000	599.0000	1253.0000	2398.0000	316.5000	2656.5000	296.2000	622.0000	504.0000	208.8000	287.5000	405.0000	
1332313200000.0000	193.3000	332.3000	481.5500	1509.5000	396.1000	2259.9990	3436.0000	319.3000	1480.0000	2031.0000	97.4200	1577.0000	3894.0000	423.2000	389.5000	1192.0000	2851.5000	610.0000	1315.0000	2258.5000	309.0000	2503.0000	304.0000	636.0000	595.5000	217.6000	313.8000	443.8000	
1354003200000.0000	268.8000	321.2000	431.2500	1060.0000	381.0000	2235.0050	2978.5000	333.6000	1360.0000	2505.0000	89.2300	1554.0000	3887.0000	434.6000	378.7000	1238.0000	2881.5000	669.0000	1399.0000	2140.5000	319.7000	1714.5000	260.9000	712.5000	638.0000	226.3000	321.5000	703.0000	
1342767600000.0000	175.0000	325.0000	439.8500	1289.5000	400.5000	1957.0010	2891.5000	316.8000	1430.0000	2135.0000	102.3680	1727.0000	3633.0000	442.1000	325.1000	1064.0000	2985.5000	698.0000	1393.0000	2299.5000	307.2000	2028.5000	274.7000	654.0000	563.0000	224.4000	317.6000	553.5000	
1339657200000.0000	158.9000	305.2500	416.7000	1226.0000	364.7000	2160.0020	2866.0000	284.9000	1427.0000	2176.0000	99.9790	1796.0000	3553.0000	403.1000	323.0000	1054.0000	2699.5000	680.5000	1390.0000	2171.0000	277.2000	2092.0000	277.5000	660.0000	523.5000	201.7000	312.5000	497.9000	
1330329600000.0000	197.8000	318.0000	501.7000	1540.5000	390.5000	2227.0000	3702.0000	298.9000	1531.0000	1841.0000	97.8180	1540.0000	4178.0000	416.0000	360.1000	1340.0000	2841.0000	606.0000	1283.0000	2346.0000	316.0000	2675.0000	286.9000	646.5000	591.5000	217.8000	297.4000	452.3000	
1335250800000.0000	185.5000	325.4500	436.6000	1407.0000	403.8000	2245.9980	3415.0000	308.9000	1482.0000	1964.0000	97.7330	1689.0000	3834.0000	423.7000	355.3000	1169.0000	2837.5000	622.0000	1338.0000	2200.5000	291.3000	2308.0000	288.5000	667.5000	559.0000	213.7000	322.5000	494.2000	
1338361200000.0000	164.1000	297.0500	398.3000	1224.0000	378.5000	2186.9960	2801.0000	287.9000	1427.0000	2077.0000	97.7330	1706.0000	3415.0000	404.1000	332.2000	1017.0000	2598.0000	642.0000	1329.0000	2059.0000	272.2000	1983.5000	275.0000	650.0000	503.5000	205.6000	307.8000	497.0000	
1356940800000.0000	282.5000	336.0000	424.8000	1012.5000	382.3000	1739.9980	3511.5000	345.1000	1261.0000	2358.0000	87.8370	1574.0000	4259.0000	436.0000	382.3000	1324.0000	2909.5000	673.5000	1418.0000	2175.0000	336.9000	1894.0000	263.0000	703.0000	669.5000	231.1000	333.6000	765.5000	
1333954800000.0000	188.9000	324.5000	456.1000	1421.0000	397.2000	2163.0000	3460.0000	303.2000	1492.0000	1919.0000	97.7900	1507.0000	3814.0000	419.8000	368.8000	1129.0000	2777.0000	596.5000	1322.0000	2196.5000	291.3000	2298.5000	293.5000	634.5000	563.5000	222.3000	312.5000	486.8000	
1348815600000.0000	234.1000	332.0000	436.5000	1250.0000	394.9000	2312.9960	2885.0000	347.5000	1370.0000	2283.0000	99.9510	1679.0000	3850.0000	434.9000	356.8000	1262.0000	2955.0000	716.0000	1392.0000	2198.0000	325.1000	1817.0000	285.2000	683.0000	630.0000	230.7000	327.8000	580.5000	
1345705200000.0000	208.3000	338.0000	445.4500	1298.0000	403.9000	2259.0000	2957.0000	329.2000	1396.0000	2122.0000	104.7000	1726.0000	3921.0000	425.2000	356.5000	1152.0000	2959.5000	707.5000	1345.0000	2303.5000	315.6000	1941.5000	276.1000	686.0000	550.5000	216.8000	323.2000	542.0000	
1344409200000.0000	195.0000	327.0500	450.9500	1325.0000	405.0000	2226.0000	3220.0000	325.2000	1360.0000	2195.0000	108.7660	1718.0000	3952.0000	435.1000	348.8000	1126.0000	3015.0000	685.0000	1329.0000	2341.0000	313.4000	2027.5000	281.4000	690.5000	570.5000	221.7000	329.3000	564.0000	
1341298800000.0000	175.1000	319.7500	432.9000	1347.0000	395.6000	2082.0020	3157.0000	307.7000	1531.0000	2197.0000	102.1120	1652.0000	3740.0000	433.5000	331.0000	1139.0000	2932.0000	673.5000	1394.0000	2269.5000	290.7000	2154.5000	270.6000	679.5000	568.0000	213.9000	317.8000	539.5000	
1328860800000.0000	201.8000	320.6500	490.3000	1478.5000	366.1000	2175.0030	3772.0000	290.4000	1532.0000	1962.0000	98.1880	1519.0000	4115.0000	378.7000	350.2000	1323.0000	2979.0000	596.5000	1261.0000	2307.5000	317.8000	2746.5000	290.7000	632.5000	530.0000	214.0000	288.5000	458.4000	
1351753200000.0000	256.0000	320.9000	444.5000	1102.0000	384.5000	2175.0030	3165.5000	354.2000	1407.0000	2496.0000	96.6810	1596.0000	4018.0000	446.7000	395.8000	1302.0000	2895.0000	678.0000	1461.0000	2241.5000	317.1000	1936.5000	267.5000	711.0000	670.0000	227.0000	326.8000	634.0000	
1327564800000.0000	191.7000	323.0000	476.7500	1470.0000	373.4000	2138.9960	3893.0000	289.2000	1390.0000	1901.0000	98.9560	1547.0000	4399.0000	384.7000	332.5000	1390.0000	3052.5000	605.0000	1220.0000	2363.5000	314.8000	2737.0000	292.1000	618.5000	533.0000	207.8000	291.9000	445.5000	
1332486000000.0000	194.4000	337.7000	477.5500	1492.0000	390.9000	2242.0000	3382.5000	316.4000	1473.0000	2013.0000	98.7280	1564.0000	3835.0000	431.8000	383.7000	1172.0000	2840.0000	611.0000	1312.0000	2236.5000	305.2000	2459.5000	305.7000	637.0000	589.0000	232.1000	314.7000	461.4000	
1354176000000.0000	269.5000	325.0500	431.0500	1078.0000	384.4000	2248.9960	3090.0000	340.9000	1374.0000	2538.0000	91.1640	1637.0000	3941.0000	439.7000	389.6000	1292.0000	2960.0000	693.5000	1436.0000	2157.0000	326.8000	1764.0000	266.9000	706.0000	644.5000	233.5000	328.1000	709.0000	
1347346800000.0000	229.7000	341.6500	443.0000	1270.5000	406.5000	2335.0010	3070.0000	330.1000	1357.0000	2261.0000	100.4630	1685.0000	3838.0000	425.4000	372.5000	1226.0000	2914.5000	683.0000	1358.0000	2299.5000	328.7000	1955.0000	289.9000	678.0000	589.5000	226.5000	331.1000	556.5000	
1344236400000.0000	190.1000	322.3000	441.0000	1283.0000	396.0000	2214.9980	3108.0000	324.0000	1333.0000	2194.0000	108.2540	1718.0000	3876.0000	436.4000	347.7000	1107.0000	3089.5000	680.5000	1315.0000	2324.5000	311.2000	1926.0000	279.7000	679.0000	553.0000	219.8000	320.6000	570.0000	
1330502400000.0000	198.0000	316.1000	492.4000	1517.5000	386.4000	2212.9990	3584.0000	298.3000	1475.0000	1848.0000	96.3110	1575.0000	4075.0000	415.1000	363.0000	1330.0000	2807.5000	611.5000	1290.0000	2329.5000	312.7000	2649.5000	290.0000	641.5000	589.0000	215.0000	304.0000	439.5010	
1335423600000.0000	186.9000	313.9000	444.2500	1430.5000	407.8000	2266.9950	3472.0000	307.6000	1554.0000	2000.0000	97.8750	1694.0000	3900.0000	428.2000	356.6000	1192.0000	2666.5000	617.0000	1335.0000	2266.5000	301.1000	2364.5000	285.1000	663.5000	568.0000	216.1000	309.8000	492.4000	
1338534000000.0000	158.6000	299.2500	402.0000	1200.5000	366.6000	2127.0030	2771.5000	286.6000	1364.0000	2062.0000	98.7570	1760.0000	3389.0000	393.9000	329.1000	991.0000	2592.0000	662.5000	1332.0000	2068.0000	270.9000	1955.5000	276.3000	650.0000	501.5000	203.2000	306.3000	484.9000	
1350284400000.0000	247.1000	310.0000	429.5500	1321.0000	402.5000	2251.0050	2973.5000	357.8000	1415.0000	2374.0000	98.5580	1668.0000	3853.0000	450.4000	385.1000	1257.0000	2881.5000	723.5000	1433.0000	2194.0000	326.1000	1788.5000	267.5000	694.5000	655.5000	217.0000	332.7000	599.5000	
1326096000000.0000	157.8000	390.4500	473.6000	1456.0000	356.5000	2131.0010	3311.0000	300.0000	1414.0000	2153.0000	100.7190	1528.0000	3895.0000	364.2000	308.5000	1234.0000	3009.0000	612.0000	1292.0000	2470.5000	289.2000	2438.5000	311.5000	624.0000	463.3000	196.4000	286.1000	403.3000	
1334127600000.0000	193.7000	319.0000	444.2500	1391.0000	394.8000	2159.0030	3336.5000	300.0000	1443.0000	1925.0000	96.5100	1548.0000	3711.0000	413.9000	369.1000	1110.0000	2793.0000	598.0000	1323.0000	2185.0000	293.6000	2225.0000	288.8000	640.5000	544.5000	213.2000	316.8000	471.0000	
1355817600000.0000	282.0000	341.5500	428.4500	1031.0000	393.1000	1704.0010	3568.0000	349.7000	1220.0000	2532.0000	88.8610	1583.0000	4301.0000	440.0000	395.5000	1372.0000	2945.0000	699.5000	1452.0000	2205.0000	346.0000	1894.5000	265.1000	707.0000	661.5000	238.4000	339.5000	753.5000	
1352707200000.0000	248.6000	324.7500	427.3000	1040.5000	366.2000	2146.0010	3081.0000	349.0000	1379.0000	2544.0000	94.7470	1518.0000	3901.0000	441.9000	384.6000	1257.0000	2852.0000	647.5000	1395.0000	2206.0000	306.3000	1827.5000	264.5000	687.0000	655.5000	224.9000	319.6000	650.0000	
1344582000000.0000	198.5000	327.3500	448.6000	1317.5000	408.9000	2262.9970	3210.0000	323.3000	1364.0000	2186.0000	108.3110	1706.0000	3983.0000	434.7000	350.6000	1133.0000	2997.0000	687.5000	1320.0000	2337.0000	314.4000	2040.0000	282.6000	688.0000	575.5000	218.8000	321.5000	555.5000	
1341471600000.0000	175.8000	317.3500	434.2000	1336.0000	395.8000	2063.0040	3156.0000	308.5000	1476.0000	2203.0000	103.7610	1667.0000	3753.0000	428.2000	329.2000	1134.0000	2935.0000	671.0000	1394.0000	2275.0000	295.3000	2163.0000	269.4000	683.5000	569.0000	213.1000	315.4000	530.0000	
1337065200000.0000	173.1000	316.0000	400.4000	1274.5000	390.6000	2175.0030	2953.5000	311.4000	1391.0000	2034.0000	96.9370	1695.0000	3532.0000	399.8000	352.9000	1003.0000	2651.5000	632.5000	1325.0000	2075.5000	273.5000	2085.5000	277.1000	669.0000	509.0000	207.3000	308.5000	514.5000	
1340175600000.0000	172.1000	309.6500	425.6500	1286.0000	375.9000	2099.0010	3095.0000	293.2000	1495.0000	2278.0000	101.0310	1634.0000	3751.0000	412.0000	338.7000	1122.0000	2766.5000	656.0000	1401.0000	2239.5000	292.1000	2215.0000	272.9000	656.5000	580.0000	202.7000	315.1000	532.0000	
1335769200000.0000	191.0000	317.3500	445.0000	1450.5000	408.5000	2251.0050	3432.5000	307.9000	1534.0000	2003.0000	96.9650	1690.0000	3949.0000	430.0000	357.0000	1181.0000	2699.5000	618.5000	1321.0000	2246.5000	295.2000	2368.0000	280.6000	665.5000	571.5000	210.8000	306.9000	495.9000	
1347519600000.0000	228.5000	342.1000	444.8500	1263.0000	402.9000	2326.9970	3078.5000	337.5000	1385.0000	2250.0000	100.8610	1687.0000	3867.0000	429.5000	369.7000	1237.0000	2912.5000	681.0000	1390.0000	2317.0000	337.1000	1909.0000	291.9000	685.5000	601.5000	236.8000	332.0000	561.5000	
1353052800000.0000	246.7000	315.0000	416.6000	1000.5000	368.4000	2095.0030	2934.5000	331.8000	1340.0000	2427.0000	89.7430	1524.0000	3746.0000	430.6000	366.4000	1199.0000	2792.5000	647.0000	1364.0000	2098.0000	300.8000	1664.0000	256.2000	688.0000	625.0000	219.0000	313.5000	641.0000	
1343113200000.0000	173.0000	315.5500	427.8500	1236.0000	381.6000	1959.0000	2791.0000	312.5000	1370.0000	2090.0000	100.9180	1688.0000	3546.0000	438.0000	319.0000	1045.0000	2932.0000	691.5000	1364.0000	2248.5000	304.2000	1934.0000	271.0000	641.0000	541.5000	217.4000	312.0000	531.0000	
1340002800000.0000	163.4000	303.7500	420.7000	1231.0000	368.0000	2080.0030	2962.5000	288.0000	1454.0000	2217.0000	99.4680	1746.0000	3658.0000	407.1000	326.0000	1073.0000	2683.0000	661.0000	1373.0000	2193.0000	282.4000	2128.5000	278.9000	653.5000	535.5000	201.9000	309.6000	511.0000	
1330675200000.0000	200.1000	318.2500	496.5000	1523.0000	400.1000	2218.9950	3560.0000	294.7000	1506.0000	1921.0000	97.0220	1581.0000	4061.0000	415.2000	360.5000	1334.0000	2817.5000	620.5000	1309.0000	2328.0000	310.0000	2641.0000	289.2000	647.0000	596.0000	216.6000	306.2000	443.9010	
1350457200000.0000	249.9000	316.3000	448.3500	1344.0000	400.2000	2278.9970	3184.0000	357.7000	1468.0000	2470.0000	99.3820	1685.0000	4028.0000	460.1000	388.8000	1305.0000	2928.0000	724.0000	1458.0000	2232.5000	321.3000	1905.5000	269.1000	700.5000	670.0000	222.0000	332.0000	601.0000	
1326268800000.0000	161.0000	385.0000	475.3000	1448.0000	366.2000	2052.0010	3489.0000	302.1000	1419.0000	2256.0000	101.9700	1529.0000	4062.0000	367.2000	322.1000	1282.0000	3049.0000	609.5000	1264.0000	2413.5000	308.0000	2527.0000	304.0000	630.5000	483.6000	201.5000	283.8000	400.0000	
1329379200000.0000	201.9000	320.3000	487.5500	1474.0000	374.0000	2172.0050	3633.5000	296.0000	1535.0000	1927.0000	98.8700	1540.0000	4079.0000	376.4000	347.9000	1303.0000	2856.0000	606.0000	1286.0000	2327.0000	325.2000	2644.0000	295.7000	647.0000	550.0000	212.4000	292.6000	464.7000	
1334300400000.0000	196.1000	322.0500	441.8500	1386.5000	400.4000	2193.0010	3446.0000	302.0000	1443.0000	1942.0000	96.3680	1557.0000	3778.0000	419.4000	369.8000	1124.0000	2783.0000	594.0000	1340.0000	2168.0000	292.8000	2262.5000	292.6000	642.5000	550.5000	217.0000	313.7000	480.9000	
1349161200000.0000	235.7000	336.7000	438.3500	1300.0000	401.3000	2310.9970	2915.0000	346.8000	1410.0000	2272.0000	100.0930	1681.0000	3889.0000	440.3000	360.5000	1291.0000	2893.5000	730.0000	1391.0000	2221.0000	334.0000	1875.0000	286.6000	695.0000	623.0000	232.4000	327.8000	594.0000	
1346050800000.0000	208.2000	339.0000	444.5500	1293.5000	400.3000	2284.0040	2910.0000	329.5000	1370.0000	2092.0000	105.0690	1736.0000	3866.0000	422.5000	371.7000	1135.0000	2981.5000	711.0000	1353.0000	2309.5000	317.9000	1885.0000	277.6000	690.5000	549.0000	215.2000	327.4000	538.5000	
1355990400000.0000	289.0000	338.6000	430.1000	1008.5000	393.6000	1741.9970	3495.0000	352.9000	1246.0000	2391.0000	88.6050	1569.0000	4298.0000	441.9000	396.3000	1349.0000	2927.0000	674.0000	1452.0000	2200.0000	348.0000	1886.5000	264.6000	702.0000	677.0000	242.4000	340.0000	772.5000	
1352880000000.0000	252.7000	321.3500	425.7500	1014.5000	373.5000	2135.9980	3025.0000	338.8000	1371.0000	2480.0000	91.5060	1545.0000	3825.0000	441.2000	378.4000	1243.0000	2856.0000	653.0000	1400.0000	2164.0000	306.2000	1725.0000	259.7000	694.0000	641.0000	225.0000	318.3000	659.5000	
1329206400000.0000	205.3000	314.1500	494.8000	1467.0000	372.3000	2186.9960	3727.5000	289.9000	1526.0000	1914.0000	98.8990	1541.0000	4144.0000	376.8000	344.4000	1337.0000	3017.5000	605.0000	1281.0000	2361.5000	329.4000	2772.0000	291.3000	641.5000	566.0000	214.7000	292.0000	458.8000	
1337238000000.0000	171.0000	313.9500	396.6500	1233.5000	383.8000	2086.9990	2855.0000	295.3000	1362.0000	2018.0000	94.3490	1666.0000	3451.0000	401.2000	346.5000	1026.0000	2642.0000	628.0000	1339.0000	2060.0000	274.5000	2046.0000	268.5000	675.0000	509.5000	202.5000	311.9000	494.9000	
1340348400000.0000	169.3000	311.6000	407.2500	1217.5000	370.8000	2054.9990	2982.0000	293.6000	1431.0000	2174.0000	101.0030	1606.0000	3540.0000	405.5000	326.8000	1046.0000	2771.5000	646.0000	1376.0000	2173.5000	286.5000	2065.5000	268.4000	658.5000	545.0000	205.0000	307.1000	523.5000	
1327910400000.0000	189.0000	320.0000	458.4500	1404.0000	359.4000	2058.9970	3798.5000	289.3000	1341.0000	1910.0000	97.7050	1526.0000	4302.0000	377.8000	323.1000	1306.0000	3055.0000	601.5000	1209.0000	2297.0000	310.8000	2635.0000	288.8000	613.5000	508.0000	202.5000	291.5000	447.3000	
1332831600000.0000	194.9000	338.4000	471.3500	1475.0000	399.2000	2259.0000	3386.5000	315.6000	1562.0000	2026.0000	98.9840	1549.0000	3852.0000	431.4000	385.6000	1182.0000	2830.5000	607.0000	1345.0000	2239.5000	303.7000	2442.0000	303.9000	631.0000	609.5000	227.6000	317.2000	488.1000	
1335942000000.0000	195.0000	318.0000	433.8000	1451.0000	408.0000	2270.0030	3439.0000	308.9000	1545.0000	2029.0000	97.8180	1667.0000	4035.0000	432.5000	357.3000	1159.0000	2703.0000	620.5000	1324.0000	2252.5000	292.4000	2375.0000	280.0000	668.0000	570.0000	213.5000	309.0000	517.5000	
1354521600000.0000	269.0000	322.4500	430.1500	1070.5000	388.0000	2249.9960	3120.0000	336.7000	1371.0000	2522.0000	91.5060	1616.0000	3931.0000	437.8000	389.7000	1287.0000	2979.0000	685.0000	1429.0000	2154.5000	328.7000	1742.5000	266.2000	701.0000	649.5000	232.4000	328.5000	727.5000	
1331535600000.0000	192.0000	319.0000	495.7000	1504.0000	399.4000	2300.0040	3450.5000	299.9000	1438.0000	1947.0000	96.9650	1597.0000	4027.0000	416.7000	357.9000	1270.0000	2876.5000	616.0000	1305.0000	2296.5000	313.1000	2575.0000	301.6000	654.5000	605.0000	216.6000	309.9000	435.8000	
1343286000000.0000	178.0000	316.4500	432.7000	1246.0000	381.7000	2006.0000	2823.5000	320.0000	1310.0000	2083.0000	102.1980	1713.0000	3640.0000	435.7000	323.5000	1061.0000	2913.5000	701.5000	1310.0000	2208.0000	309.6000	1964.0000	275.9000	657.0000	545.0000	217.3000	314.8000	569.5000	
1338879600000.0000	158.6000	299.2500	402.0000	1200.5000	366.6000	2127.0030	2771.5000	286.6000	1364.0000	2062.0000	98.7570	1760.0000	3389.0000	393.9000	329.1000	991.0000	2592.0000	662.5000	1332.0000	2068.0000	270.9000	1955.5000	276.3000	650.0000	501.5000	203.2000	306.3000	484.9000	
1350630000000.0000	252.0000	319.1500	450.4000	1350.5000	398.0000	2136.9970	3200.5000	358.5000	1455.0000	2468.0000	100.9460	1668.0000	4068.0000	459.2000	393.1000	1303.0000	2951.0000	729.0000	1450.0000	2202.5000	317.3000	1896.5000	269.6000	707.0000	670.5000	218.9000	331.0000	617.5000	
1326441600000.0000	161.7000	316.8000	476.3000	1453.0000	364.9000	2027.9960	3561.0000	284.1000	1429.0000	2248.0000	99.5240	1542.0000	4090.0000	372.0000	317.0000	1299.0000	3047.0000	610.0000	1251.0000	2342.0000	303.0000	2570.5000	287.3000	625.0000	486.8000	203.4000	283.0000	401.3000	
1349334000000.0000	246.7000	318.1500	434.2000	1315.0000	407.7000	2346.9940	2923.0000	351.4000	1420.0000	2350.0000	101.2300	1682.0000	3825.0000	440.5000	365.5000	1291.0000	2911.0000	736.0000	1421.0000	2200.0000	333.4000	1814.0000	280.4000	698.0000	621.5000	231.6000	331.5000	617.0000	
1346223600000.0000	210.3000	337.3000	441.9500	1298.5000	392.1000	2306.0000	2773.5000	331.6000	1372.0000	2184.0000	104.7000	1742.0000	3808.0000	427.8000	359.6000	1123.0000	2951.0000	712.5000	1372.0000	2290.0000	317.9000	1816.0000	276.8000	689.5000	548.0000	219.9000	329.5000	535.0000	
1344927600000.0000	203.7000	335.0000	450.9000	1328.5000	409.9000	2279.9970	3190.0000	329.5000	1376.0000	2182.0000	108.3960	1766.0000	3963.0000	434.5000	356.0000	1113.0000	3012.5000	722.5000	1332.0000	2341.0000	318.7000	2017.5000	287.8000	699.5000	565.5000	218.1000	322.9000	553.5000	
1341817200000.0000	169.8000	317.4000	423.9500	1307.5000	403.9000	2033.0030	3033.5000	308.0000	1437.0000	2161.0000	103.1070	1691.0000	3646.0000	426.9000	321.0000	1095.0000	2919.5000	676.5000	1418.0000	2239.0000	296.9000	2042.5000	266.8000	683.0000	555.0000	216.1000	318.9000	534.5000	
1328083200000.0000	194.5000	321.4500	483.0000	1445.5000	365.0000	2122.9960	3912.0000	294.0000	1416.0000	1906.0000	96.9930	1557.0000	4349.0000	380.1000	332.6000	1330.0000	3089.5000	609.0000	1234.0000	2326.0000	313.3000	2733.0000	286.1000	634.0000	522.5000	206.5000	297.2000	447.4000	
1333004400000.0000	192.2000	328.1000	458.9000	1440.0000	398.6000	2236.0040	3375.5000	308.5000	1506.0000	1988.0000	99.2120	1521.0000	3755.0000	427.1000	373.2000	1122.0000	2778.5000	596.5000	1322.0000	2197.0000	297.9000	2296.5000	296.5000	626.0000	585.0000	223.4000	313.4000	478.3000	
1336114800000.0000	189.8000	319.2000	422.1500	1364.0000	399.9000	2239.0020	3214.5000	305.0000	1469.0000	1983.0000	97.7050	1654.0000	3836.0000	422.5000	344.5000	1072.0000	2711.0000	627.5000	1326.0000	2217.0000	284.9000	2263.0000	275.2000	667.5000	547.5000	214.9000	306.7000	514.5000	
1350975600000.0000	252.5000	313.5500	433.2500	1311.5000	382.5000	2027.9960	3132.0000	352.6000	1412.0000	2435.0000	99.5240	1645.0000	3963.0000	451.1000	388.1000	1265.0000	2900.0000	713.0000	1423.0000	2172.5000	305.7000	1858.5000	267.3000	702.5000	659.5000	216.2000	325.3000	600.5000	
1347865200000.0000	232.1000	345.6500	451.5000	1291.0000	413.0000	2400.0000	3216.0000	341.6000	1444.0000	2267.0000	98.7570	1690.0000	4051.0000	429.1000	371.6000	1308.0000	2888.5000	688.5000	1382.0000	2319.5000	342.0000	2036.5000	293.3000	679.0000	620.5000	228.2000	332.5000	569.0000	
1354694400000.0000	284.0000	337.4500	425.5000	1075.5000	392.9000	2254.0030	3226.0000	339.1000	1254.0000	2410.0000	90.6240	1572.0000	3996.0000	440.6000	391.9000	1296.0000	3000.0000	689.0000	1426.0000	2153.0000	333.0000	1780.0000	267.0000	705.0000	651.0000	234.4000	332.8000	731.0000	
1331708400000.0000	193.9000	324.8500	499.0500	1541.0000	400.3000	2304.0010	3480.0000	302.5000	1482.0000	2020.0000	94.7760	1610.0000	4001.0000	423.7000	370.8000	1213.0000	2859.0000	627.0000	1330.0000	2307.5000	316.1000	2564.0000	298.7000	659.0000	609.5000	218.0000	316.4000	454.3000	
1353398400000.0000	258.5000	317.2500	432.2500	1031.0000	375.6000	2160.0020	3028.0000	332.7000	1379.0000	2520.0000	92.3020	1547.0000	3874.0000	439.9000	375.3000	1254.0000	2822.5000	659.0000	1380.0000	2132.0000	306.3000	1694.0000	256.3000	697.0000	639.5000	223.8000	317.1000	692.0000	
1331020800000.0000	193.2000	310.4500	490.1000	1470.0000	380.5000	2124.9950	3356.0000	289.0000	1413.0000	1844.0000	96.6810	1569.0000	3868.0000	405.2000	349.8000	1237.0000	2806.0000	613.5000	1292.0000	2278.5000	304.1000	2502.0000	283.3000	649.0000	579.5000	211.1000	306.1000	431.7000	
1339052400000.0000	167.5000	303.5000	413.6000	1278.0000	377.8000	2197.9990	3015.0000	289.1000	1468.0000	2109.0000	96.0840	1735.0000	3640.0000	413.1000	340.5000	1084.0000	2643.0000	668.5000	1329.0000	2125.5000	279.7000	2133.0000	279.5000	653.5000	531.5000	205.4000	308.4000	493.8000	
1329724800000.0000	210.2000	321.5500	499.2500	1509.0000	386.7000	2187.9950	3706.0000	304.2000	1601.0000	1981.0000	99.7520	1540.0000	4155.0000	385.5000	357.2000	1333.0000	2843.5000	604.5000	1294.0000	2317.5000	325.4000	2690.0000	297.3000	644.5000	562.5000	215.6000	297.5000	469.4000	
1334646000000.0000	198.5000	328.3000	452.5000	1426.5000	411.8000	2239.0020	3517.5000	309.2000	1483.0000	1974.0000	98.1030	1606.0000	3853.0000	438.0000	358.7000	1176.0000	2839.5000	604.0000	1358.0000	2214.0000	303.8000	2328.5000	296.1000	650.0000	572.0000	219.7000	318.0000	487.5000	
1346396400000.0000	211.7000	336.6000	441.3500	1288.0000	395.2000	2359.9960	2735.5000	327.6000	1363.0000	2159.0000	103.2210	1731.0000	3672.0000	423.8000	357.8000	1107.0000	2936.5000	709.0000	1368.0000	2271.5000	318.5000	1750.0000	280.0000	683.5000	554.5000	217.6000	326.7000	531.0000	
1356336000000.0000	283.7000	338.5000	430.7000	1015.0000	389.3000	1751.0010	3509.0000	350.3000	1255.0000	2407.0000	88.8900	1614.0000	4277.0000	441.2000	390.6000	1335.0000	2934.5000	682.0000	1448.0000	2204.0000	347.1000	1881.0000	263.5000	710.0000	669.5000	237.2000	339.8000	779.5000	
1345100400000.0000	206.3000	338.3000	451.2500	1317.5000	408.0000	2259.9990	3051.0000	331.5000	1369.0000	2156.0000	105.5240	1755.0000	3930.0000	442.1000	360.0000	1096.0000	3025.5000	726.0000	1339.0000	2340.5000	320.9000	1974.5000	284.9000	699.0000	567.5000	217.1000	329.0000	546.5000	
1341990000000.0000	167.4000	320.0000	432.5500	1305.0000	396.5000	1992.9980	3033.0000	309.3000	1452.0000	2147.0000	104.6710	1701.0000	3622.0000	430.8000	318.2000	1083.0000	2928.0000	683.0000	1429.0000	2286.0000	303.3000	2055.5000	269.0000	691.0000	555.0000	219.1000	318.7000	538.5000	
1337583600000.0000	168.0000	311.1500	395.6000	1261.0000	378.4000	2084.0000	2823.0000	292.5000	1373.0000	1992.0000	93.8370	1644.0000	3434.0000	402.9000	338.2000	1030.0000	2654.5000	617.5000	1325.0000	2045.0000	271.7000	2024.0000	270.4000	669.0000	506.0000	203.2000	310.6000	494.7000	
1340694000000.0000	166.0000	309.0000	401.6000	1209.5000	370.1000	2027.9960	2890.0000	291.3000	1395.0000	2155.0000	101.4860	1614.0000	3448.0000	401.6000	321.0000	1034.0000	2757.5000	652.0000	1369.0000	2155.5000	277.0000	2034.5000	263.0000	660.5000	537.0000	200.7000	310.0000	527.0000	
1328256000000.0000	207.3000	326.6500	484.5000	1425.0000	372.7000	2162.0010	3988.0000	295.1000	1462.0000	1991.0000	99.5810	1534.0000	4413.0000	383.7000	341.1000	1399.0000	3010.0000	609.0000	1252.0000	2294.5000	319.1000	2910.0000	295.2000	641.5000	535.5000	214.0000	300.9000	476.1000	
1351148400000.0000	252.6000	314.9000	431.1000	1307.0000	386.9000	2088.9980	3100.0000	353.5000	1392.0000	2505.0000	97.0510	1655.0000	3990.0000	449.3000	392.1000	1268.0000	2896.5000	719.5000	1433.0000	2165.0000	310.1000	1857.5000	270.2000	700.5000	671.5000	217.2000	323.3000	619.5000	
1348038000000.0000	229.9000	343.4500	443.7500	1271.5000	407.5000	2372.9980	3161.5000	341.3000	1393.0000	2294.0000	99.2120	1712.0000	4000.0000	434.6000	367.7000	1288.0000	2959.0000	727.0000	1400.0000	2307.5000	342.2000	2034.0000	293.2000	689.5000	627.0000	227.7000	335.5000	573.0000	
1354867200000.0000	286.5000	336.7500	426.0500	1068.0000	385.4000	2243.9990	3256.0000	343.1000	1245.0000	2459.0000	92.0460	1550.0000	4037.0000	450.1000	393.6000	1347.0000	3000.5000	689.5000	1433.0000	2163.5000	338.4000	1811.0000	269.1000	707.0000	658.0000	235.1000	337.0000	732.0000	
1331881200000.0000	190.5000	328.5000	490.1500	1547.0000	408.3000	2309.9980	3578.5000	303.0000	1528.0000	2048.0000	94.6050	1592.0000	4070.0000	426.8000	381.0000	1229.0000	2835.0000	615.0000	1320.0000	2285.0000	316.5000	2618.0000	299.3000	644.0000	617.5000	215.6000	314.9000	450.3000	
1353571200000.0000	261.8000	317.3500	433.6000	1073.0000	379.0000	2165.9990	3010.0000	332.4000	1396.0000	2521.0000	90.0270	1570.0000	3882.0000	438.0000	378.0000	1247.0000	2866.0000	670.5000	1400.0000	2146.5000	309.7000	1704.5000	263.4000	707.0000	641.5000	225.0000	322.2000	693.5000	
1346742000000.0000	211.1000	338.8000	436.6000	1271.0000	394.9000	2284.0040	2722.0000	324.6000	1378.0000	2127.0000	101.4860	1698.0000	3654.0000	421.0000	352.7000	1097.0000	2908.5000	704.0000	1360.0000	2262.0000	320.3000	1748.5000	279.1000	686.5000	556.0000	221.3000	328.3000	530.0000	
1343631600000.0000	181.3000	318.3500	444.4500	1277.5000	390.9000	2054.9990	2937.0000	320.5000	1333.0000	2176.0000	103.7900	1743.0000	3760.0000	440.0000	337.1000	1087.0000	2994.5000	692.0000	1310.0000	2248.5000	312.8000	1917.5000	277.5000	668.5000	547.5000	218.9000	320.8000	572.0000	
1331193600000.0000	190.6000	314.1000	494.4500	1511.0000	399.1000	2225.0010	3460.0000	294.2000	1460.0000	1928.0000	96.7950	1588.0000	3977.0000	415.4000	352.8000	1268.0000	2827.0000	614.0000	1290.0000	2306.5000	314.1000	2570.5000	289.7000	644.0000	610.5000	216.2000	307.5000	435.0000	
1326787200000.0000	173.1000	317.5000	481.9500	1468.0000	375.5000	2041.9970	3694.0000	285.3000	1455.0000	1909.0000	99.7520	1550.0000	4241.0000	377.0000	320.8000	1320.0000	3101.5000	610.5000	1260.0000	2360.5000	305.4000	2633.5000	285.9000	629.5000	504.0000	205.8000	286.5000	403.8000	
1329897600000.0000	202.0000	315.4000	496.9500	1508.0000	388.2000	2158.0030	3662.5000	304.9000	1531.0000	1903.0000	98.8990	1531.0000	4174.0000	413.0000	349.1000	1319.0000	2838.0000	599.0000	1297.0000	2345.5000	324.9000	2709.0000	295.3000	646.0000	576.5000	215.0000	293.5000	459.0000	
1334818800000.0000	192.6000	320.0500	440.0500	1412.5000	407.3000	2288.0010	3512.5000	311.2000	1502.0000	1995.0000	98.0170	1659.0000	3880.0000	431.3000	355.6000	1170.0000	2823.5000	605.0000	1331.0000	2183.0000	291.4000	2307.0000	294.2000	648.0000	564.0000	216.3000	317.4000	489.4000	
1337929200000.0000	165.5000	309.5500	407.3500	1266.5000	378.0000	2157.0040	2795.0000	295.5000	1395.0000	2086.0000	98.4440	1701.0000	3407.0000	392.5000	347.8000	1017.0000	2631.5000	649.0000	1359.0000	2081.0000	272.4000	2001.0000	273.0000	684.5000	500.0000	206.4000	312.7000	490.0000	
1349679600000.0000	245.0000	317.3500	437.0000	1308.0000	412.4000	2319.0020	2984.5000	355.0000	1433.0000	2376.0000	102.5670	1681.0000	3846.0000	455.5000	369.5000	1315.0000	2902.5000	726.0000	1436.0000	2222.5000	326.3000	1802.5000	283.9000	697.5000	641.5000	226.9000	333.5000	619.5000	
1356508800000.0000	165.8000	338.5000	430.7000	1015.0000	389.3000	1751.0010	3125.0000	350.3000	1255.0000	2407.0000	88.8900	1614.0000	4277.0000	441.2000	390.6000	1335.0000	2934.5000	682.0000	1448.0000	2204.0000	285.1000	1881.0000	263.5000	710.0000	455.0000	237.2000	339.8000	779.5000	
1325491200000.0000	169.1000	403.4500	460.5000	1376.5000	352.8000	2017.0030	3020.0000	302.9000	1402.0000	2126.0000	101.7420	1496.0000	3755.0000	352.8000	311.0000	1215.0000	2975.0000	606.0000	1291.0000	2454.0000	306.4000	2379.0000	326.2000	625.0000	551.5000	190.9000	289.3000	392.8000	
1342162800000.0000	286.9000	313.7500	438.1000	1300.0000	397.8000	1936.0040	3309.0000	311.7000	1433.0000	2121.0000	103.9890	1706.0000	3611.0000	430.0000	316.4000	1071.0000	2936.5000	684.5000	1408.0000	2292.5000	337.7000	2045.0000	269.3000	693.0000	650.0000	222.3000	323.7000	548.5000	
1355212800000.0000	255.1000	339.6000	427.5000	1065.0000	388.7000	2199.9970	3145.0000	347.0000	1150.0000	2457.0000	91.7330	1573.0000	4109.0000	448.8000	393.1000	1352.0000	3029.5000	692.5000	1441.0000	2180.0000	317.4000	1833.0000	270.0000	711.0000	670.5000	236.7000	337.3000	739.0000	
1352102400000.0000	163.8000	326.4500	441.2000	1088.5000	380.2000	2165.0000	2790.5000	354.8000	1439.0000	2499.0000	95.2300	1553.0000	3983.0000	444.9000	387.9000	1299.0000	2892.0000	661.0000	1443.0000	2235.0000	271.5000	1933.0000	265.7000	705.5000	499.6000	226.3000	326.1000	641.0000	
1337756400000.0000	167.3000	304.6000	393.9000	1229.5000	376.2000	2059.9960	2913.0000	292.2000	1337.0000	2039.0000	96.4530	1660.0000	3362.0000	399.2000	337.9000	1032.0000	2591.0000	620.0000	1334.0000	2039.0000	281.4000	2005.5000	267.3000	667.5000	526.5000	204.9000	307.8000	481.2000	
1340866800000.0000	196.8000	311.8500	412.4000	1261.5000	373.8000	2000.0040	3556.0000	296.0000	1430.0000	2162.0000	102.8230	1645.0000	3495.0000	408.3000	320.5000	1046.0000	2828.5000	674.5000	1374.0000	2204.0000	303.0000	2039.0000	266.1000	673.5000	592.0000	207.4000	316.4000	516.5000	
1333350000000.0000	183.7000	334.0000	471.4500	1478.5000	412.0000	2275.0000	3107.5000	314.0000	1552.0000	2006.0000	99.8940	1570.0000	3930.0000	432.4000	384.0000	1153.0000	2825.0000	614.0000	1355.0000	2242.0000	279.4000	2368.5000	302.4000	643.5000	532.5000	228.6000	323.0000	487.1000	
1336460400000.0000	230.7000	323.4500	415.0000	1316.0000	390.5000	2167.9980	3041.0000	301.3000	1517.0000	1958.0000	97.5340	1655.0000	3721.0000	413.2000	345.7000	1030.0000	2697.5000	631.0000	1329.0000	2158.0000	340.1000	2172.5000	275.3000	670.0000	616.0000	214.5000	309.1000	509.0000	
1348210800000.0000	219.6000	340.0000	441.0000	1246.0000	402.7000	2348.0030	2846.0000	344.9000	1380.0000	2269.0000	101.4860	1732.0000	3914.0000	436.4000	371.6000	1276.0000	2942.0000	722.0000	1397.0000	2260.5000	326.3000	1938.0000	293.9000	686.5000	580.5000	232.0000	337.2000	593.5000	
1346914800000.0000	183.2000	349.9000	431.4500	1260.0000	401.1000	2339.9990	3004.0000	331.6000	1384.0000	2195.0000	101.7990	1721.0000	3686.0000	424.6000	360.7000	1157.0000	2940.5000	708.0000	1375.0000	2297.0000	312.4000	1840.5000	292.7000	699.5000	547.0000	225.8000	335.2000	562.5000	
1343804400000.0000	164.7000	318.6500	428.0500	1263.5000	390.3000	2119.9980	2851.0000	322.9000	1285.0000	2177.0000	107.3160	1712.0000	3785.0000	436.4000	335.5000	1098.0000	3035.0000	677.0000	1322.0000	2274.5000	280.5000	1920.0000	277.9000	665.5000	520.5000	218.8000	319.6000	560.5000	
1339398000000.0000	168.6000	302.8000	414.9000	1258.5000	376.7000	2182.9980	2916.5000	288.7000	1435.0000	2121.0000	97.2780	1789.0000	3530.0000	412.4000	331.5000	1054.0000	2665.0000	675.0000	1344.0000	2120.5000	306.1000	2069.5000	281.7000	659.5000	557.0000	207.3000	315.1000	499.9000	
1342508400000.0000	190.0000	317.0000	444.0000	1290.0000	395.9000	1927.9990	3728.0000	311.2000	1382.0000	2108.0000	103.9030	1704.0000	3566.0000	428.2000	318.3000	1044.0000	2953.5000	698.0000	1404.0000	2290.5000	313.7000	1999.5000	270.8000	662.0000	509.0000	220.8000	321.2000	558.0000	
1326960000000.0000	200.9000	327.0000	482.4500	1490.0000	374.3000	2085.0000	3670.5000	287.9000	1383.0000	2017.0000	99.2400	1529.0000	4317.0000	374.9000	327.0000	1364.0000	3070.0000	600.5000	1245.0000	2367.5000	316.9000	2647.5000	291.1000	617.5000	580.5000	203.1000	283.4000	421.5000	
1330070400000.0000	243.5000	318.2000	496.2000	1543.0000	388.1000	2249.9960	3001.0000	301.5000	1543.0000	1872.0000	97.6760	1540.0000	4146.0000	417.0000	353.4000	1336.0000	2856.0000	603.0000	1278.0000	2353.0000	320.9000	2693.5000	289.4000	645.5000	650.5000	216.5000	298.6000	448.8000	
1349852400000.0000	283.1000	311.2000	436.0500	1302.5000	407.9000	2211.0000	3535.5000	356.0000	1414.0000	2350.0000	101.2590	1674.0000	3841.0000	446.0000	374.4000	1291.0000	2860.0000	729.0000	1425.0000	2208.5000	341.0000	1825.5000	274.0000	690.5000	668.5000	219.4000	331.9000	606.0000	
1356681600000.0000	165.8000	337.4500	425.0500	1008.0000	386.4000	1739.9980	3342.0000	347.0000	1262.0000	2378.0000	88.3780	1586.0000	4289.0000	436.5000	385.7000	1340.0000	2913.5000	674.5000	1436.0000	2196.5000	286.6000	1904.0000	262.7000	705.0000	469.3000	234.0000	337.4000	767.0000	
1325664000000.0000	188.9000	405.5000	473.4500	1429.5000	356.9000	2025.9970	3460.0000	305.5000	1408.0000	2147.0000	102.3680	1537.0000	3950.0000	364.6000	308.8000	1269.0000	3034.5000	620.5000	1310.0000	2467.0000	291.3000	2471.5000	321.7000	630.0000	563.5000	198.0000	297.0000	392.4000	
1333695600000.0000	207.1000	324.5000	456.1000	1421.0000	397.2000	2163.0000	3000.0000	303.2000	1492.0000	1919.0000	97.7900	1507.0000	3814.0000	419.8000	368.8000	1129.0000	2777.0000	596.5000	1322.0000	2196.5000	318.3000	2298.5000	293.5000	634.5000	563.5000	222.3000	312.5000	486.8000	
1345446000000.0000	282.5000	338.9500	452.0000	1310.5000	406.2000	2275.9990	3338.5000	331.9000	1383.0000	2179.0000	106.2070	1745.0000	3901.0000	436.7000	363.1000	1105.0000	2986.5000	719.0000	1342.0000	2339.5000	339.1000	1914.5000	285.0000	700.5000	661.5000	218.4000	329.1000	545.0000	
1355385600000.0000	254.5000	339.4000	428.7500	1047.0000	387.5000	2144.0020	3115.5000	346.8000	1216.0000	2460.0000	92.4150	1565.0000	4144.0000	445.6000	392.3000	1344.0000	2958.5000	701.0000	1433.0000	2200.5000	315.8000	1857.0000	266.1000	717.5000	667.5000	237.4000	336.6000	727.0000	
1352275200000.0000	205.7000	322.3000	432.9000	1054.5000	378.4000	2153.9960	3869.5000	352.5000	1393.0000	2492.0000	95.3730	1537.0000	3913.0000	443.5000	384.5000	1273.0000	2862.0000	660.0000	1432.0000	2214.0000	317.8000	1874.5000	267.5000	702.5000	527.5000	223.8000	321.8000	636.5000	
1328601600000.0000	189.3000	329.5500	486.5000	1464.5000	368.4000	2159.0030	3406.5000	294.4000	1466.0000	1999.0000	99.4960	1522.0000	4360.0000	381.3000	346.3000	1335.0000	3000.0000	606.0000	1258.0000	2318.0000	295.4000	2873.0000	293.0000	644.0000	568.5000	215.1000	302.7000	461.5010	
1333522800000.0000	184.2000	325.9500	452.0500	1409.0000	398.5000	2160.0020	3149.5000	302.7000	1480.0000	1925.0000	97.8750	1521.0000	3754.0000	419.1000	370.0000	1103.0000	2781.0000	596.0000	1324.0000	2187.5000	278.3000	2269.5000	294.5000	634.5000	530.0000	222.1000	309.9000	483.8000	
1336633200000.0000	247.8000	320.1500	410.5000	1333.5000	390.5000	2170.9960	3080.0000	309.4000	1476.0000	1962.0000	97.3920	1642.0000	3743.0000	400.4000	347.9000	1047.0000	2677.5000	630.0000	1321.0000	2122.5000	311.2000	2186.0000	276.4000	670.0000	667.0000	211.5000	310.2000	522.5000	
1351494000000.0000	193.2000	317.0500	425.0000	1315.5000	386.5000	2101.0000	3736.0000	353.6000	1385.0000	2483.0000	96.4250	1650.0000	3950.0000	446.7000	395.0000	1249.0000	2908.0000	714.0000	1440.0000	2178.5000	322.5000	1917.0000	269.4000	708.0000	505.5000	213.9000	323.1000	617.5000	
1327305600000.0000	191.0000	335.0000	476.7000	1449.0000	375.8000	2083.0010	3464.5000	290.5000	1382.0000	1979.0000	101.7140	1517.0000	4318.0000	379.5000	332.4000	1359.0000	3069.5000	594.0000	1236.0000	2399.0000	313.6000	2685.5000	296.8000	614.0000	599.0000	206.2000	282.4000	414.4000	
1332226800000.0000	267.6000	332.7500	484.1000	1513.5000	399.4000	2259.0000	2994.0000	305.5000	1501.0000	2035.0000	97.1360	1558.0000	3930.0000	418.9000	380.0000	1201.0000	2863.5000	605.0000	1306.0000	2264.5000	312.0000	2505.0000	299.7000	631.0000	642.5000	216.0000	312.6000	450.1000	
1353916800000.0000	189.0000	317.5000	431.3500	1071.5000	379.4000	2181.9990	3030.0000	331.8000	1366.0000	2517.0000	89.6570	1556.0000	3893.0000	434.0000	376.2000	1246.0000	2880.0000	669.5000	1396.0000	2155.0000	314.7000	1720.0000	260.8000	714.0000	553.5000	226.9000	320.2000	706.5000	
1343977200000.0000	176.1000	319.0000	437.9500	1260.0000	390.6000	2205.0040	2980.0000	323.3000	1305.0000	2184.0000	108.1400	1738.0000	3836.0000	436.6000	341.1000	1089.0000	3096.0000	686.5000	1328.0000	2323.0000	309.1000	1900.5000	277.0000	677.5000	579.0000	216.3000	323.5000	572.5000	
1339570800000.0000	158.0000	303.9500	418.7000	1260.0000	369.4000	2177.0010	2870.0000	283.5000	1457.0000	2183.0000	99.8080	1796.0000	3580.0000	409.9000	324.0000	1070.0000	2685.5000	678.5000	1388.0000	2170.0000	276.4000	2131.5000	277.8000	657.0000	524.0000	209.1000	316.5000	490.3000	
1342681200000.0000	182.8000	324.9500	444.2000	1290.0000	401.9000	2008.9980	3376.0000	318.3000	1444.0000	2151.0000	104.1020	1727.0000	3690.0000	439.5000	328.9000	1088.0000	3002.5000	690.5000	1414.0000	2298.0000	288.2000	2035.0000	274.3000	666.0000	553.0000	229.5000	322.1000	552.0000	
1335164400000.0000	167.3000	319.3000	429.7000	1388.0000	400.0000	2235.0050	2922.0000	307.8000	1475.0000	1944.0000	97.4770	1689.0000	3797.0000	423.6000	356.5000	1140.0000	2811.5000	614.5000	1329.0000	2179.5000	277.4000	2294.0000	290.1000	653.0000	523.5000	210.9000	318.6000	483.9000	
1338274800000.0000	246.4000	301.0000	406.8500	1283.5000	388.1000	2209.0010	3022.0000	291.0000	1476.0000	2085.0000	98.0740	1664.0000	3503.0000	408.4000	345.0000	1058.0000	2625.5000	642.0000	1343.0000	2084.0000	327.1000	2058.0000	273.3000	680.5000	658.5000	206.5000	310.8000	494.6000	
1350025200000.0000	160.4000	310.0000	431.4500	1328.0000	402.9000	2225.0010	3313.5000	356.9000	1404.0000	2354.0000	99.4110	1667.0000	3870.0000	448.2000	380.2000	1267.0000	2860.5000	724.0000	1426.0000	2194.0000	287.8000	1824.5000	267.7000	691.0000	472.9000	218.7000	333.7000	597.5000	
1325836800000.0000	233.0000	390.9000	477.0500	1457.0000	357.0000	2088.9980	2884.0000	298.8000	1408.0000	2166.0000	102.0840	1534.0000	3898.0000	360.8000	310.7000	1270.0000	3042.5000	613.0000	1285.0000	2478.5000	327.3000	2469.0000	311.3000	609.5000	614.0000	196.0000	287.3000	395.2000	
1348729200000.0000	210.0000	335.5500	440.6000	1250.0000	395.6000	2306.0000	2979.5000	348.2000	1367.0000	2276.0000	100.6050	1674.0000	3864.0000	436.9000	360.5000	1246.0000	2964.0000	717.5000	1394.0000	2224.5000	315.7000	1847.5000	287.5000	693.0000	552.5000	231.6000	331.1000	580.0000	
1345618800000.0000	250.0000	339.2000	447.0000	1297.5000	401.7000	2255.0020	3099.0000	329.0000	1379.0000	2138.0000	104.5570	1729.0000	3894.0000	425.8000	360.2000	1120.0000	2959.0000	714.5000	1354.0000	2304.5000	309.0000	1910.0000	279.0000	693.5000	654.5000	215.5000	326.0000	541.0000	
1352448000000.0000	173.8000	324.8000	429.2000	1057.0000	371.6000	2154.9960	3060.5000	347.9000	1382.0000	2537.0000	95.3160	1513.0000	3901.0000	442.0000	382.2000	1257.0000	2865.5000	650.5000	1399.0000	2204.5000	290.7000	1866.0000	264.5000	689.0000	550.0000	224.3000	320.3000	649.5000	
1341212400000.0000	204.7000	314.7000	432.5000	1323.0000	388.3000	2085.0000	3815.0000	304.5000	1493.0000	2185.0000	102.0270	1662.0000	3660.0000	423.6000	327.9000	1097.0000	2882.0000	679.5000	1401.0000	2239.5000	318.9000	2109.0000	267.0000	681.0000	540.5000	215.3000	319.6000	532.0000	
1328774400000.0000	251.0000	324.5000	493.4000	1491.5000	365.5000	2154.9960	3104.5000	292.2000	1514.0000	1977.0000	99.2400	1520.0000	4230.0000	381.2000	350.4000	1347.0000	2997.5000	597.0000	1255.0000	2325.5000	312.2000	2860.0000	290.6000	640.0000	682.0000	213.5000	291.5000	459.6000	
1351666800000.0000	233.0000	319.8500	443.3000	1147.5000	386.0000	2149.9990	2940.0000	354.6000	1404.0000	2464.0000	95.6850	1606.0000	3971.0000	446.7000	393.8000	1257.0000	2877.5000	677.0000	1448.0000	2190.5000	328.1000	1903.0000	267.9000	706.5000	621.0000	212.5000	324.1000	625.0000	
1348556400000.0000	190.7000	342.9000	446.0000	1263.0000	401.1000	2361.9950	3711.5000	349.7000	1378.0000	2342.0000	101.7140	1741.0000	3908.0000	441.5000	370.4000	1252.0000	2976.0000	729.5000	1398.0000	2271.5000	314.6000	1900.5000	296.4000	693.5000	502.0000	235.0000	341.3000	580.0000	
1327478400000.0000	194.7000	322.8500	474.5500	1458.5000	369.4000	2079.0040	3334.0000	289.7000	1388.0000	1943.0000	99.2680	1520.0000	4258.0000	382.5000	329.4000	1356.0000	3035.0000	601.0000	1224.0000	2356.0000	304.2000	2654.5000	295.7000	619.0000	583.5000	207.4000	288.5000	403.8000	
1332399600000.0000	268.1000	331.6500	476.5500	1486.0000	387.7000	2236.0040	2940.5000	315.5000	1468.0000	2011.0000	98.8140	1589.0000	3802.0000	430.0000	383.0000	1141.0000	2843.0000	618.0000	1312.0000	2244.0000	319.6000	2442.0000	301.6000	638.0000	638.0000	220.2000	314.0000	454.3000	
1354089600000.0000	226.6000	322.8500	429.4000	1057.0000	382.1000	2229.9980	3069.0000	335.2000	1357.0000	2508.0000	89.9980	1578.0000	3868.0000	433.7000	387.0000	1239.0000	2914.0000	686.5000	1410.0000	2147.5000	327.7000	1707.0000	262.9000	698.5000	591.0000	226.7000	322.6000	706.0000	
1347260400000.0000	167.8000	343.5500	437.8000	1280.0000	409.5000	2358.9970	2935.0000	330.6000	1386.0000	2265.0000	100.4340	1690.0000	3820.0000	423.3000	371.1000	1249.0000	2908.5000	687.0000	1363.0000	2296.5000	279.2000	2001.5000	291.1000	681.0000	532.0000	228.8000	332.5000	560.5000	
1339743600000.0000	197.7000	301.1000	423.5000	1240.0000	364.3000	2066.0020	3730.5000	285.7000	1457.0000	2219.0000	98.7850	1736.0000	3600.0000	402.5000	321.3000	1074.0000	2656.5000	663.0000	1364.0000	2188.5000	309.7000	2130.0000	278.5000	649.5000	591.5000	201.2000	308.6000	507.5000	
1330416000000.0000	188.2000	318.4000	499.3000	1532.5000	389.2000	2202.9950	3480.0000	300.3000	1508.0000	1849.0000	98.0170	1547.0000	4239.0000	413.3000	360.2000	1364.0000	2824.5000	606.5000	1277.0000	2348.5000	300.3000	2709.0000	288.3000	641.5000	570.5000	215.9000	300.8000	457.9000	
1335337200000.0000	164.3000	317.0000	432.3000	1412.0000	410.0000	2260.9990	2780.0000	307.9000	1511.0000	1990.0000	97.6760	1692.0000	3871.0000	427.8000	358.1000	1201.0000	2841.0000	618.0000	1333.0000	2189.0000	272.8000	2360.0000	285.2000	666.5000	507.0000	216.0000	310.2000	487.1000	
1338447600000.0000	188.5000	302.5500	394.9000	1242.5000	377.5000	2197.9990	3306.0000	288.1000	1422.0000	2086.0000	98.3870	1721.0000	3389.0000	403.2000	331.4000	1002.0000	2618.0000	657.0000	1323.0000	2078.5000	289.7000	1971.0000	276.2000	650.0000	549.5000	206.3000	309.4000	500.5000	
1334041200000.0000	208.2000	315.2500	445.3500	1369.5000	392.7000	2111.0030	2910.0000	298.3000	1428.0000	1900.0000	96.5100	1532.0000	3663.0000	412.6000	363.4000	1072.0000	2768.5000	595.0000	1307.0000	2146.5000	317.9000	2201.5000	287.5000	633.0000	549.0000	218.6000	313.6000	475.3000	
1345791600000.0000	282.2000	339.0000	444.5500	1293.5000	400.3000	2284.0040	3470.0000	329.5000	1370.0000	2092.0000	105.0690	1736.0000	3866.0000	422.5000	371.7000	1135.0000	2981.5000	711.0000	1353.0000	2309.5000	338.5000	1885.0000	277.6000	690.5000	659.0000	215.2000	327.4000	538.5000	
1355731200000.0000	197.1000	341.7000	427.0000	1032.0000	388.1000	1663.9970	3218.0000	348.6000	1205.0000	2471.0000	89.9700	1566.0000	4249.0000	442.7000	391.7000	1359.0000	2929.5000	704.5000	1443.0000	2201.0000	313.2000	1856.5000	266.0000	703.0000	573.0000	236.7000	334.7000	737.0000	
1344495600000.0000	176.0000	328.5500	448.9000	1312.0000	406.6000	2256.0010	3142.5000	324.7000	1364.0000	2190.0000	107.9980	1715.0000	3972.0000	437.4000	350.6000	1129.0000	2998.5000	682.0000	1322.0000	2353.5000	292.4000	2024.5000	283.4000	688.5000	568.0000	216.3000	324.0000	557.0000	
1341385200000.0000	177.8000	315.9500	430.5500	1339.5000	397.0000	2091.9960	3043.0000	306.4000	1502.0000	2223.0000	102.6520	1660.0000	3731.0000	432.9000	329.2000	1131.0000	2927.0000	673.5000	1395.0000	2270.0000	274.6000	2140.0000	268.4000	682.5000	516.5000	214.6000	317.7000	546.0000	
1336978800000.0000	167.0000	318.7500	403.9000	1290.0000	388.7000	2162.0010	3051.0000	313.9000	1393.0000	1967.0000	96.4820	1704.0000	3596.0000	397.9000	351.3000	1016.0000	2660.0000	642.0000	1332.0000	2090.5000	287.7000	2119.0000	278.9000	673.0000	551.0000	204.9000	313.9000	518.5000	
1340089200000.0000	259.5000	307.9000	426.9000	1284.0000	370.6000	2085.0000	3214.0000	288.5000	1494.0000	2233.0000	101.4580	1749.0000	3727.0000	407.5000	335.6000	1096.0000	2760.0000	669.5000	1388.0000	2225.0000	317.4000	2170.0000	276.3000	655.0000	670.0000	203.7000	315.1000	523.5000	
1351839600000.0000	192.2000	324.7500	445.2000	1091.5000	379.1000	2196.9990	3810.0000	355.3000	1445.0000	2539.0000	95.6570	1557.0000	4044.0000	446.0000	391.4000	1315.0000	2903.5000	668.0000	1444.0000	2246.5000	315.6000	1937.0000	263.8000	707.5000	516.5000	227.5000	325.6000	634.0000	
1327651200000.0000	271.3000	320.7500	464.5500	1430.5000	368.5000	2096.0030	3093.5000	288.6000	1369.0000	1920.0000	97.9600	1530.0000	4350.0000	383.7000	332.0000	1348.0000	3036.0000	601.5000	1210.0000	2311.5000	327.3000	2698.5000	292.6000	610.5000	641.5000	203.5000	292.2000	452.1000	
1354262400000.0000	228.1000	325.1000	431.6000	1070.0000	389.4000	2231.9970	3077.0000	341.4000	1377.0000	2525.0000	91.6480	1615.0000	3924.0000	437.7000	390.6000	1288.0000	2966.5000	681.5000	1425.0000	2154.5000	363.6000	1732.5000	268.8000	705.0000	593.0000	233.5000	325.9000	715.5000	
1347433200000.0000	194.3000	341.2000	441.0000	1239.5000	402.5000	2324.9980	3130.5000	332.1000	1381.0000	2239.0000	98.9560	1682.0000	3822.0000	425.4000	374.7000	1241.0000	2907.5000	686.5000	1369.0000	2292.0000	313.9000	1901.5000	290.2000	678.5000	567.0000	235.2000	329.5000	556.5000	
1344322800000.0000	249.1000	325.6500	453.8000	1324.0000	405.1000	2209.0010	3000.0000	325.6000	1370.0000	2205.0000	108.1970	1728.0000	3920.0000	435.1000	349.4000	1120.0000	3083.0000	684.5000	1324.0000	2366.5000	306.4000	2008.0000	280.1000	685.0000	635.0000	224.4000	326.8000	571.5000	
1352966400000.0000	173.0000	316.3000	425.4000	1017.5000	370.3000	2096.0030	2823.5000	333.0000	1354.0000	2431.0000	90.5100	1519.0000	3796.0000	435.9000	370.6000	1229.0000	2842.5000	648.5000	1390.0000	2142.5000	303.7000	1691.0000	258.9000	691.0000	542.5000	225.2000	316.5000	646.0000	
1343026800000.0000	198.7000	318.5000	430.5500	1253.0000	386.8000	1906.0030	3594.5000	314.5000	1373.0000	2100.0000	101.9130	1707.0000	3531.0000	437.6000	322.1000	1027.0000	2947.5000	691.0000	1376.0000	2263.5000	312.0000	1948.0000	274.0000	645.0000	596.0000	219.6000	315.7000	540.5000	
1330588800000.0000	190.1000	320.0000	496.4000	1526.0000	395.5000	2241.0010	3503.5000	296.7000	1487.0000	1920.0000	97.7050	1574.0000	4094.0000	417.0000	361.1000	1333.0000	2822.5000	615.5000	1303.0000	2347.5000	303.0000	2671.0000	290.4000	645.0000	582.5000	217.6000	304.8000	439.8000	
1335510000000.0000	246.8000	317.9500	446.3500	1444.0000	413.0000	2272.0010	3061.0000	307.2000	1540.0000	2050.0000	97.3060	1702.0000	3932.0000	430.5000	361.1000	1205.0000	2680.5000	620.0000	1335.0000	2264.0000	329.1000	2381.0000	283.2000	663.0000	668.5000	212.9000	312.3000	495.0000	
1350370800000.0000	159.5000	307.9000	435.3500	1325.5000	402.0000	2277.9980	3428.5000	356.4000	1425.0000	2417.0000	98.3870	1697.0000	3898.0000	459.4000	389.5000	1279.0000	2924.5000	731.0000	1446.0000	2217.5000	304.1000	1809.0000	267.2000	702.5000	483.6000	219.9000	336.5000	600.0000	
1326182400000.0000	204.8000	390.0000	479.6000	1478.0000	357.7000	2122.9960	3683.0000	305.9000	1437.0000	2193.0000	101.6570	1539.0000	4028.0000	371.5000	317.7000	1296.0000	3024.5000	614.0000	1301.0000	2489.0000	333.0000	2518.5000	309.7000	631.5000	557.5000	199.5000	287.5000	398.9000	
1329292800000.0000	199.7000	318.0000	487.4000	1475.0000	377.9000	2190.0030	3487.0000	290.1000	1532.0000	1920.0000	98.7000	1535.0000	4108.0000	376.7000	346.0000	1327.0000	2898.0000	605.0000	1276.0000	2331.5000	296.7000	2690.0000	292.3000	640.0000	560.0000	213.5000	292.1000	467.2000	
1334214000000.0000	232.0000	325.8500	444.8500	1407.0000	406.9000	2226.0000	2938.0000	302.3000	1475.0000	1961.0000	96.6240	1570.0000	3813.0000	421.7000	375.3000	1140.0000	2807.0000	600.5000	1339.0000	2174.0000	327.2000	2272.0000	291.4000	647.0000	627.0000	219.5000	315.6000	491.4000	
1349074800000.0000	286.5000	331.0000	438.5500	1279.0000	399.6000	2325.9980	3506.5000	345.8000	1397.0000	2294.0000	100.2920	1705.0000	3949.0000	441.3000	357.9000	1287.0000	2925.0000	725.0000	1400.0000	2222.5000	341.9000	1891.0000	283.9000	696.0000	666.0000	232.1000	329.3000	591.5000	
1355904000000.0000	254.5000	340.2500	431.3000	1023.0000	394.9000	1700.0030	3089.5000	353.2000	1228.0000	2545.0000	89.0890	1576.0000	4291.0000	445.0000	398.8000	1366.0000	2943.0000	688.0000	1448.0000	2200.0000	308.4000	1893.0000	265.3000	711.0000	640.0000	241.1000	340.4000	772.5000	
1352793600000.0000	172.1000	321.0000	428.8000	1043.0000	374.1000	2152.9970	3069.0000	347.2000	1385.0000	2502.0000	92.4150	1529.0000	3907.0000	445.3000	385.2000	1249.0000	2875.0000	647.5000	1383.0000	2226.5000	292.9000	1770.0000	263.1000	692.0000	562.0000	227.9000	310.8000	654.5000	
1341558000000.0000	207.5000	317.1000	428.2000	1321.0000	393.5000	2041.9970	3845.5000	310.9000	1465.0000	2177.0000	102.8520	1689.0000	3685.0000	426.4000	318.0000	1109.0000	2909.0000	676.0000	1416.0000	2272.0000	320.0000	2104.0000	269.7000	685.5000	536.0000	215.2000	319.1000	531.0000	
1329120000000.0000	176.2000	319.4000	496.0000	1468.0000	365.0000	2180.0000	2910.5000	291.1000	1523.0000	1913.0000	99.1830	1526.0000	4165.0000	379.8000	348.8000	1348.0000	3012.5000	597.5000	1260.0000	2326.0000	272.0000	2817.0000	291.0000	639.0000	517.0000	215.7000	291.5000	459.3010	
1337151600000.0000	171.6000	317.9000	399.6500	1270.0000	388.1000	2120.9970	3000.0000	299.8000	1391.0000	2029.0000	95.4860	1674.0000	3500.0000	403.1000	349.0000	1012.0000	2634.5000	624.5000	1329.0000	2078.0000	290.3000	2089.5000	272.5000	665.5000	569.0000	207.1000	308.5000	509.5000	
1340262000000.0000	195.1000	310.5000	412.1000	1248.0000	379.0000	2085.0000	3364.5000	294.1000	1481.0000	2266.0000	101.2300	1608.0000	3638.0000	412.2000	337.3000	1080.0000	2777.5000	653.5000	1387.0000	2211.0000	304.8000	2101.0000	269.0000	657.0000	607.5000	201.5000	310.3000	536.0000	
1332745200000.0000	194.0000	339.0500	481.9000	1519.0000	395.7000	2270.0030	3505.5000	319.3000	1570.0000	2037.0000	99.1260	1567.0000	3856.0000	436.0000	386.8000	1188.0000	2854.0000	614.5000	1348.0000	2268.0000	296.4000	2463.0000	304.2000	641.5000	571.5000	230.1000	319.4000	495.8000	
1335855600000.0000	232.2000	319.2000	441.3000	1450.5000	413.5000	2265.9960	3281.5000	309.2000	1547.0000	2040.0000	98.3300	1683.0000	4078.0000	433.3000	357.7000	1189.0000	2728.0000	627.5000	1325.0000	2283.0000	347.0000	2412.0000	279.4000	668.0000	631.0000	216.9000	312.3000	513.5000	
1347606000000.0000	171.2000	345.9000	450.2000	1301.0000	410.4000	2383.0010	2763.5000	341.0000	1456.0000	2281.0000	100.0080	1685.0000	4098.0000	432.3000	372.5000	1334.0000	2893.0000	683.0000	1400.0000	2327.0000	304.8000	2084.0000	293.9000	684.5000	539.5000	233.0000	332.3000	572.0000	
1343199600000.0000	158.6000	314.0000	428.4500	1220.0000	377.9000	1943.0000	2771.5000	314.7000	1284.0000	2113.0000	101.1170	1694.0000	3564.0000	438.0000	317.1000	1057.0000	2909.0000	688.5000	1294.0000	2265.0000	270.9000	1932.0000	269.0000	648.5000	501.5000	210.2000	311.0000	542.5000	
1338793200000.0000	248.9000	299.2500	402.0000	1200.5000	366.6000	2127.0030	3260.0000	286.6000	1364.0000	2062.0000	98.7570	1760.0000	3389.0000	393.9000	329.1000	991.0000	2592.0000	662.5000	1332.0000	2068.0000	318.8000	1955.5000	276.3000	650.0000	668.0000	203.2000	306.3000	484.9000	
1350543600000.0000	161.0000	320.5500	452.0500	1345.5000	403.1000	2302.0020	3547.5000	361.1000	1455.0000	2480.0000	100.5480	1693.0000	4096.0000	460.6000	390.4000	1327.0000	2950.0000	722.0000	1443.0000	2202.0000	302.3000	1900.5000	271.4000	705.0000	491.4000	223.4000	332.5000	614.5000	
1326355200000.0000	205.9000	323.4500	479.5000	1455.0000	367.2000	2043.9960	3622.0000	285.9000	1446.0000	2284.0000	102.0840	1541.0000	4110.0000	370.9000	315.6000	1307.0000	3070.0000	611.0000	1263.0000	2365.0000	324.4000	2555.0000	285.9000	630.5000	554.0000	199.7000	280.5000	399.3000	
1329465600000.0000	241.0000	317.9000	488.9500	1482.5000	386.3000	2172.0050	2934.5000	301.5000	1566.0000	1939.0000	99.2970	1551.0000	4046.0000	382.1000	352.6000	1304.0000	2852.5000	608.5000	1295.0000	2327.0000	334.0000	2674.0000	297.3000	645.0000	620.5000	214.7000	293.9000	474.6000	
1349247600000.0000	208.8000	327.9500	439.0500	1309.0000	403.0000	2308.9980	2862.0000	352.5000	1396.0000	2313.0000	100.9460	1665.0000	3886.0000	438.0000	361.8000	1294.0000	2908.0000	727.0000	1416.0000	2224.5000	318.4000	1818.0000	284.8000	701.0000	550.5000	232.6000	334.0000	615.0000	
1346137200000.0000	282.0000	341.0500	444.2500	1295.0000	395.6000	2299.0040	3490.0000	331.2000	1377.0000	2170.0000	105.2120	1737.0000	3865.0000	425.2000	362.8000	1132.0000	2966.5000	713.5000	1357.0000	2305.0000	346.1000	1865.5000	277.2000	689.0000	668.5000	219.5000	327.6000	532.0000	
1356076800000.0000	204.9000	339.8000	430.7500	1008.5000	388.2000	1759.9960	3203.5000	351.5000	1252.0000	2442.0000	88.4910	1610.0000	4273.0000	438.6000	392.0000	1350.0000	2939.0000	682.0000	1442.0000	2196.0000	316.1000	1877.5000	263.7000	704.5000	564.0000	239.8000	337.3000	767.5000	
1344841200000.0000	166.5000	329.1000	446.8500	1320.5000	404.8000	2264.9960	2788.0000	325.7000	1363.0000	2170.0000	108.1690	1708.0000	3959.0000	432.9000	350.0000	1117.0000	2993.5000	689.0000	1323.0000	2333.0000	271.8000	2019.5000	284.2000	692.5000	501.5000	218.4000	319.3000	553.0000	
1337324400000.0000	191.3000	313.7000	391.9500	1245.5000	375.4000	2034.0020	3805.0000	292.7000	1336.0000	1969.0000	93.4390	1655.0000	3409.0000	399.0000	337.0000	1035.0000	2621.5000	622.5000	1333.0000	2044.0000	307.8000	2019.0000	271.2000	666.5000	505.0000	204.0000	315.0000	487.7000	
1327996800000.0000	197.4000	319.6000	470.8500	1425.0000	363.0000	2095.0030	3316.0000	288.4000	1390.0000	1890.0000	97.1360	1525.0000	4246.0000	374.0000	326.8000	1293.0000	3054.5000	602.0000	1223.0000	2308.5000	301.0000	2624.0000	286.0000	632.0000	593.0000	203.5000	293.4000	446.4000	
1332918000000.0000	195.9000	336.7500	468.1000	1450.0000	398.0000	2228.0000	3363.0000	313.9000	1511.0000	2027.0000	98.7850	1540.0000	3770.0000	430.5000	384.2000	1118.0000	2806.0000	602.5000	1327.0000	2225.5000	288.6000	2347.0000	303.1000	631.0000	570.0000	227.6000	313.3000	489.1000	
1336028400000.0000	255.9000	318.2000	435.7000	1424.5000	413.0000	2277.9980	3194.0000	307.8000	1557.0000	2018.0000	98.3870	1670.0000	3992.0000	432.6000	355.5000	1108.0000	2727.5000	629.0000	1332.0000	2261.0000	313.3000	2365.0000	276.5000	669.5000	670.0000	215.9000	308.6000	519.0000	
1350889200000.0000	278.1000	315.0500	443.4500	1342.5000	393.4000	2072.9980	3130.5000	357.8000	1458.0000	2468.0000	100.6900	1663.0000	4059.0000	461.4000	390.2000	1309.0000	2938.0000	723.0000	1442.0000	2202.5000	330.2000	1908.5000	269.8000	705.5000	654.5000	219.4000	326.0000	608.0000	
1354608000000.0000	196.0000	326.6500	424.3000	1078.0000	386.8000	2236.0040	3533.0000	337.0000	1292.0000	2445.0000	90.7380	1613.0000	3903.0000	439.1000	390.5000	1279.0000	2977.5000	685.0000	1428.0000	2148.5000	314.2000	1737.0000	264.3000	702.0000	617.5000	232.1000	332.7000	730.0000	
1331622000000.0000	254.6000	320.6000	498.8500	1518.5000	408.1000	2315.0040	3025.0000	304.7000	1454.0000	2000.0000	97.1070	1606.0000	4094.0000	423.0000	362.1000	1241.0000	2885.0000	622.0000	1312.0000	2310.0000	304.6000	2606.5000	303.0000	657.0000	642.0000	217.8000	314.1000	441.2000	
1353312000000.0000	179.3000	318.0000	431.6000	1020.0000	380.8000	2119.9980	2892.0000	335.6000	1367.0000	2498.0000	91.2780	1543.0000	3884.0000	432.9000	372.6000	1226.0000	2818.0000	653.0000	1384.0000	2135.5000	311.3000	1710.5000	257.5000	699.0000	551.0000	223.9000	317.6000	652.5000	
1343372400000.0000	198.0000	321.0000	438.7000	1253.5000	387.3000	2032.0030	3422.0000	323.2000	1302.0000	2134.0000	103.1640	1719.0000	3700.0000	437.2000	332.5000	1070.0000	2951.5000	693.0000	1307.0000	2218.5000	308.0000	1894.0000	277.9000	661.5000	586.5000	218.2000	318.0000	567.5000	
1330934400000.0000	163.5000	316.7000	504.6000	1515.5000	400.2000	2188.9940	2899.5000	294.1000	1457.0000	1869.0000	97.2780	1584.0000	3942.0000	412.0000	359.3000	1292.0000	2841.0000	621.0000	1315.0000	2306.5000	276.0000	2569.0000	287.2000	649.0000	526.0000	215.9000	310.3000	441.4000	
1338966000000.0000	194.0000	301.2000	406.9500	1241.0000	372.6000	2177.0010	3440.0000	289.5000	1438.0000	2076.0000	96.0840	1761.0000	3552.0000	404.9000	330.9000	1053.0000	2620.0000	678.0000	1338.0000	2108.0000	295.2000	2091.0000	276.8000	652.0000	556.5000	204.0000	308.8000	497.0000	
1334559600000.0000	247.8000	320.9000	442.9500	1400.0000	404.0000	2185.9960	2987.0000	305.2000	1451.0000	1942.0000	96.6810	1578.0000	3785.0000	426.2000	367.7000	1120.0000	2801.0000	598.0000	1358.0000	2171.0000	328.1000	2227.5000	294.0000	645.5000	638.5000	215.7000	318.8000	480.1000	
1349420400000.0000	209.1000	315.3500	436.7500	1300.5000	414.9000	2370.0000	2715.5000	353.2000	1439.0000	2360.0000	102.7380	1689.0000	3859.0000	456.5000	371.8000	1322.0000	2918.5000	728.5000	1435.0000	2219.0000	315.3000	1812.5000	278.2000	699.0000	544.0000	234.0000	334.0000	619.5000	
1346310000000.0000	205.3000	339.5500	442.0500	1293.5000	394.0000	2305.0000	3038.0000	332.5000	1347.0000	2185.0000	104.1310	1756.0000	3684.0000	424.1000	358.4000	1094.0000	2960.5000	713.0000	1379.0000	2286.0000	318.8000	1753.5000	281.0000	693.0000	564.0000	218.5000	331.5000	533.0000	
1345014000000.0000	170.3000	332.6000	450.0000	1321.0000	406.9000	2265.9960	3039.5000	329.6000	1372.0000	2191.0000	107.3440	1770.0000	3873.0000	441.0000	354.3000	1092.0000	3019.0000	728.0000	1332.0000	2346.0000	305.0000	1939.5000	285.3000	696.5000	559.0000	217.7000	325.7000	547.0000	
1341903600000.0000	167.6000	319.9500	428.5000	1300.0000	405.0000	2082.0020	2872.5000	310.9000	1443.0000	2169.0000	103.3060	1695.0000	3652.0000	435.5000	327.8000	1084.0000	2915.0000	679.0000	1445.0000	2264.0000	279.6000	2059.0000	269.4000	683.0000	534.5000	217.3000	321.7000	538.0000	
1340607600000.0000	198.7000	309.2000	402.0500	1201.5000	368.1000	2043.9960	3980.5000	293.8000	1407.0000	2154.0000	101.5720	1610.0000	3452.0000	402.5000	322.9000	1035.0000	2745.0000	647.0000	1369.0000	2157.5000	311.1000	2009.5000	264.8000	661.0000	530.5000	201.0000	308.6000	525.5000	
1328169600000.0000	196.3000	319.0000	477.9000	1432.0000	362.0000	2104.9980	3446.0000	288.7000	1440.0000	1928.0000	97.1360	1501.0000	4390.0000	380.4000	333.6000	1366.0000	2984.0000	594.5000	1222.0000	2297.5000	299.9000	2830.5000	286.0000	625.0000	589.5000	205.9000	295.6000	458.4000	
1333090800000.0000	247.5000	330.0000	462.5500	1448.0000	403.9000	2249.9960	3124.5000	311.3000	1527.0000	1998.0000	97.9320	1544.0000	3815.0000	428.1000	379.0000	1152.0000	2779.0000	601.5000	1329.0000	2199.5000	312.2000	2337.0000	298.0000	630.5000	672.0000	226.4000	316.4000	485.8000	
1351062000000.0000	231.2000	310.5500	435.0000	1317.5000	384.5000	2045.9950	3193.5000	354.2000	1403.0000	2431.0000	98.0740	1649.0000	3986.0000	448.0000	389.7000	1280.0000	2884.5000	714.5000	1422.0000	2189.5000	340.0000	1877.0000	267.0000	701.5000	608.0000	217.3000	321.7000	608.0000	
1347951600000.0000	285.7000	343.9500	438.9500	1265.0000	410.8000	2393.0050	3237.0000	341.2000	1411.0000	2263.0000	99.7520	1708.0000	3993.0000	424.6000	365.2000	1289.0000	2904.5000	707.5000	1374.0000	2300.5000	337.8000	2009.0000	293.3000	685.5000	660.0000	227.1000	333.7000	570.0000	
1354780800000.0000	192.6000	339.6000	427.6000	1068.0000	384.0000	2248.9960	3547.5000	342.4000	1242.0000	2430.0000	91.8180	1551.0000	4027.0000	448.4000	397.8000	1337.0000	2994.5000	690.0000	1430.0000	2158.5000	315.0000	1812.0000	270.3000	705.0000	615.5000	236.3000	331.6000	738.5000	
1331794800000.0000	261.5000	321.7500	492.7500	1527.0000	402.8000	2316.0030	2997.0000	300.5000	1471.0000	2053.0000	94.8610	1598.0000	4048.0000	427.0000	375.1000	1214.0000	2846.5000	620.5000	1331.0000	2300.0000	309.3000	2581.5000	297.5000	649.5000	632.5000	215.8000	315.7000	450.0000	
1353484800000.0000	212.7000	316.0000	433.0000	1060.0000	376.6000	2152.9970	2795.5000	329.2000	1365.0000	2505.0000	90.5100	1569.0000	3860.0000	436.3000	376.0000	1245.0000	2841.5000	671.5000	1396.0000	2142.0000	324.4000	1681.5000	257.0000	704.0000	557.0000	224.0000	320.5000	682.0000	
1346655600000.0000	188.0000	339.4500	443.7000	1299.5000	397.6000	2337.0000	3370.0000	328.7000	1389.0000	2156.0000	104.1880	1726.0000	3710.0000	427.0000	357.5000	1128.0000	2946.5000	711.0000	1377.0000	2297.0000	309.9000	1773.0000	278.2000	687.5000	597.0000	222.5000	328.9000	533.5000	
1331107200000.0000	165.9000	311.4000	492.7500	1465.0000	387.3000	2170.9960	2869.0000	292.9000	1445.0000	1876.0000	96.6810	1581.0000	3920.0000	411.8000	351.5000	1230.0000	2824.0000	615.5000	1293.0000	2277.5000	279.5000	2535.5000	284.8000	645.5000	523.0000	211.5000	307.6000	433.0000	
1339138800000.0000	164.9000	302.8000	409.0500	1266.5000	379.4000	2180.9990	3589.0000	289.6000	1443.0000	2123.0000	97.5340	1782.0000	3534.0000	416.3000	335.2000	1060.0000	2670.0000	680.5000	1344.0000	2120.0000	304.9000	2074.0000	281.6000	662.0000	488.2000	206.5000	315.2000	500.0000	
1326700800000.0000	207.3000	312.3500	478.0000	1456.0000	371.1000	2035.0010	3699.5000	283.2000	1428.0000	1878.0000	100.0080	1549.0000	4160.0000	373.7000	316.5000	1301.0000	3070.5000	610.5000	1246.0000	2338.0000	320.6000	2595.0000	288.2000	628.5000	562.0000	207.6000	283.7000	401.0010	
1329811200000.0000	196.3000	322.7000	497.7000	1480.5000	380.7000	2167.9980	3540.0000	306.0000	1543.0000	1942.0000	99.9790	1528.0000	4160.0000	384.4000	354.9000	1326.0000	2841.5000	599.5000	1291.0000	2333.5000	289.2000	2715.5000	295.0000	643.5000	569.0000	216.0000	295.7000	464.5000	
1334732400000.0000	283.7000	321.0500	446.0000	1424.0000	404.5000	2241.0010	3509.0000	309.8000	1518.0000	1973.0000	96.6240	1656.0000	3886.0000	429.4000	357.8000	1178.0000	2825.5000	601.5000	1356.0000	2208.0000	347.1000	2311.5000	298.3000	648.5000	669.5000	216.7000	317.5000	483.7000	
1356422400000.0000	211.4000	338.5000	430.7000	1015.0000	389.3000	1751.0010	3039.0000	350.3000	1255.0000	2407.0000	88.8900	1614.0000	4277.0000	441.2000	390.6000	1335.0000	2934.5000	682.0000	1448.0000	2204.0000	322.4000	1881.0000	263.5000	710.0000	570.0000	237.2000	339.8000	779.5000	
1345186800000.0000	165.2000	340.0000	454.3500	1324.0000	411.8000	2301.0030	2926.0000	332.5000	1389.0000	2170.0000	105.7520	1748.0000	3921.0000	444.6000	364.4000	1105.0000	3000.5000	721.5000	1335.0000	2347.0000	300.0000	1927.5000	286.2000	703.5000	548.0000	219.3000	330.1000	547.5000	
1342076400000.0000	284.2000	315.0000	435.1000	1284.0000	392.2000	1919.0050	3277.5000	306.5000	1424.0000	2130.0000	103.4480	1698.0000	3502.0000	426.8000	312.2000	1040.0000	2905.5000	683.5000	1420.0000	2285.5000	338.8000	2010.0000	266.5000	689.0000	652.0000	214.7000	319.1000	543.0000	
1355126400000.0000	173.6000	335.9500	426.1000	1075.5000	387.2000	2217.9960	2936.5000	341.9000	1256.0000	2444.0000	91.8750	1555.0000	4044.0000	449.1000	392.2000	1358.0000	3011.5000	685.5000	1432.0000	2173.5000	274.4000	1814.5000	268.0000	706.5000	522.5000	235.9000	335.3000	738.0000	
1337670000000.0000	170.0000	309.8000	401.9500	1272.5000	387.8000	2127.0030	2910.5000	294.8000	1408.0000	2077.0000	97.8180	1661.0000	3516.0000	405.0000	344.3000	1076.0000	2650.0000	626.0000	1345.0000	2086.5000	279.0000	2087.5000	268.0000	669.5000	534.0000	207.8000	313.9000	494.0000	
1340780400000.0000	189.8000	309.8000	408.5000	1256.0000	373.7000	1960.9990	3214.5000	294.3000	1437.0000	2151.0000	103.1360	1623.0000	3474.0000	405.8000	319.4000	1047.0000	2799.0000	659.0000	1380.0000	2185.0000	284.9000	2040.5000	265.4000	667.0000	547.5000	205.4000	314.6000	528.0000	
1336374000000.0000	250.9000	319.2000	422.1500	1364.0000	399.9000	2239.0020	3110.5000	305.0000	1469.0000	1983.0000	97.7050	1654.0000	3836.0000	422.5000	344.5000	1072.0000	2711.0000	627.5000	1326.0000	2217.0000	310.9000	2263.0000	275.2000	667.5000	671.5000	214.9000	306.7000	514.5000	
1351234800000.0000	228.6000	317.4500	431.6000	1324.0000	383.0000	2086.0000	3077.0000	355.0000	1396.0000	2475.0000	96.5100	1647.0000	3963.0000	446.0000	394.3000	1269.0000	2901.0000	717.5000	1442.0000	2174.5000	340.7000	1933.5000	271.4000	701.5000	623.0000	217.1000	324.1000	621.0000	
1348124400000.0000	262.9000	339.7500	444.3000	1260.0000	405.9000	2361.9950	3006.5000	342.0000	1387.0000	2283.0000	99.5240	1717.0000	3909.0000	434.2000	371.4000	1265.0000	2949.5000	730.0000	1401.0000	2260.0000	310.3000	1944.0000	294.7000	694.0000	643.5000	228.4000	336.0000	582.5000	
1353657600000.0000	211.9000	318.0000	435.5000	1076.5000	381.8000	2193.0010	2718.0000	333.6000	1393.0000	2537.0000	90.2540	1571.0000	3891.0000	439.6000	380.7000	1261.0000	2890.5000	672.5000	1406.0000	2154.5000	321.3000	1719.0000	261.7000	711.0000	563.0000	226.7000	322.2000	695.5000	
1346828400000.0000	182.7000	340.8000	423.8500	1221.0000	395.8000	2293.9980	2946.5000	323.8000	1355.0000	2147.0000	100.3770	1693.0000	3557.0000	418.8000	354.8000	1096.0000	2921.0000	705.5000	1357.0000	2256.0000	308.9000	1755.5000	280.7000	690.5000	544.5000	222.4000	329.3000	544.0000	
1343718000000.0000	191.4000	318.1000	425.0500	1262.0000	383.5000	2041.9970	3509.0000	323.3000	1290.0000	2148.0000	103.8460	1725.0000	3738.0000	434.5000	333.7000	1072.0000	2986.5000	683.0000	1313.0000	2249.5000	311.0000	1900.0000	277.3000	662.5000	610.0000	217.3000	317.0000	561.0000	
1331280000000.0000	169.7000	318.3000	493.9000	1501.5000	399.9000	2312.9960	2986.0000	297.5000	1447.0000	1919.0000	95.9130	1596.0000	4047.0000	417.8000	354.0000	1263.0000	2864.0000	616.0000	1301.0000	2310.5000	308.0000	2593.0000	294.8000	650.5000	558.0000	218.8000	311.2000	437.6000	
1342422000000.0000	181.1000	317.0000	441.5000	1292.0000	398.9000	1939.0020	3710.5000	313.4000	1386.0000	2113.0000	104.2450	1725.0000	3590.0000	433.7000	320.7000	1069.0000	2940.0000	697.0000	1430.0000	2300.0000	311.5000	2022.0000	271.2000	682.5000	503.0000	221.9000	326.1000	556.5000	
1326873600000.0000	200.9000	321.0000	481.4000	1487.0000	374.4000	2070.9990	3690.0000	286.4000	1394.0000	1971.0000	99.5530	1532.0000	4275.0000	373.9000	323.7000	1341.0000	3111.5000	607.5000	1247.0000	2355.0000	319.2000	2648.0000	291.0000	623.5000	580.5000	203.9000	285.1000	414.4000	
1329984000000.0000	189.2000	314.8500	495.3500	1523.0000	391.0000	2205.0040	3547.0000	298.9000	1540.0000	1897.0000	98.6710	1535.0000	4177.0000	416.0000	352.7000	1344.0000	2874.5000	601.0000	1287.0000	2365.0000	293.1000	2693.0000	286.5000	647.0000	564.0000	215.5000	296.2000	454.3000	
1334905200000.0000	247.5000	321.8500	434.8500	1415.5000	407.1000	2301.0030	3030.0000	313.0000	1510.0000	1979.0000	97.5340	1720.0000	3940.0000	431.9000	362.6000	1178.0000	2867.0000	620.5000	1342.0000	2202.5000	325.4000	2349.0000	295.0000	655.0000	650.0000	218.2000	322.8000	498.0000	
1349766000000.0000	286.3000	314.4500	437.6000	1307.0000	410.1000	2240.0020	3541.5000	354.9000	1419.0000	2360.0000	101.9980	1666.0000	3871.0000	453.6000	381.3000	1315.0000	2888.5000	717.5000	1420.0000	2214.0000	343.3000	1813.5000	278.9000	692.0000	667.5000	221.7000	331.8000	611.0000	
1356595200000.0000	169.5000	336.0000	428.4500	1007.5000	388.9000	1751.0010	3325.0000	347.0000	1270.0000	2394.0000	88.7470	1596.0000	4313.0000	440.6000	388.5000	1351.0000	2927.0000	677.0000	1443.0000	2207.0000	294.9000	1921.0000	261.2000	705.0000	479.6000	237.6000	339.0000	778.5000	
1325577600000.0000	188.9000	411.2500	471.0500	1428.5000	358.0000	2063.0040	3460.0000	310.3000	1416.0000	2176.0000	102.7940	1520.0000	3986.0000	365.5000	317.0000	1305.0000	3050.0000	611.5000	1303.0000	2477.0000	291.3000	2497.0000	328.0000	631.5000	563.5000	199.1000	297.1000	398.6000	
1333609200000.0000	286.1000	324.5000	456.1000	1421.0000	397.2000	2163.0000	3311.0000	303.2000	1492.0000	1919.0000	97.7900	1507.0000	3814.0000	419.8000	368.8000	1129.0000	2777.0000	596.5000	1322.0000	2196.5000	338.9000	2298.5000	293.5000	634.5000	657.0000	222.3000	312.5000	486.8000	
1355299200000.0000	257.1000	340.5000	430.0500	1065.0000	389.4000	2175.0030	3185.0000	347.7000	1182.0000	2465.0000	91.8750	1565.0000	4136.0000	446.8000	393.8000	1353.0000	3042.5000	689.5000	1446.0000	2205.0000	320.0000	1882.5000	266.8000	717.0000	671.5000	234.9000	337.5000	730.5000	
1352188800000.0000	166.0000	326.8000	444.2000	1097.0000	383.9000	2188.9940	2838.5000	356.4000	1429.0000	2524.0000	96.1120	1578.0000	3998.0000	445.0000	398.7000	1303.0000	2909.5000	669.5000	1451.0000	2240.0000	273.2000	1932.0000	267.3000	709.0000	507.0000	229.8000	325.9000	643.5000	
1337842800000.0000	169.5000	308.2500	407.0000	1269.0000	379.3000	2106.9960	3019.0000	294.0000	1363.0000	2061.0000	97.6470	1685.0000	3437.0000	393.9000	343.2000	1027.0000	2622.0000	637.0000	1340.0000	2075.0000	288.6000	2026.0000	270.8000	672.0000	545.0000	206.2000	313.9000	489.9000	
1340953200000.0000	206.5000	310.0500	421.9500	1300.0000	385.3000	2071.9980	3946.0000	301.4000	1470.0000	2182.0000	101.9410	1653.0000	3612.0000	421.0000	325.0000	1088.0000	2853.0000	675.0000	1391.0000	2225.0000	317.9000	2088.5000	266.1000	675.5000	534.5000	211.4000	318.0000	531.5000	
1328515200000.0000	197.3000	324.8000	489.5500	1430.0000	370.2000	2159.0030	3530.5000	295.1000	1466.0000	1992.0000	101.1450	1514.0000	4400.0000	381.1000	345.8000	1363.0000	2997.0000	601.0000	1247.0000	2292.5000	300.8000	2887.0000	295.0000	637.0000	589.0000	216.0000	300.4000	472.0000	
1333436400000.0000	183.2000	332.3000	464.2500	1481.0000	410.9000	2231.9970	3127.0000	309.5000	1526.0000	1999.0000	99.8370	1560.0000	3869.0000	429.9000	383.8000	1152.0000	2828.0000	608.0000	1348.0000	2228.5000	279.0000	2339.5000	299.2000	640.0000	530.0000	227.9000	321.7000	485.0000	
1336546800000.0000	192.8000	320.5000	404.0000	1314.0000	386.5000	2157.0040	3614.5000	305.3000	1444.0000	1944.0000	97.2780	1646.0000	3728.0000	402.8000	346.5000	1049.0000	2690.0000	626.5000	1324.0000	2122.0000	314.4000	2178.5000	274.8000	672.5000	610.5000	217.2000	311.6000	527.5000	
1332140400000.0000	223.7000	331.0000	491.2500	1538.0000	404.6000	2300.0040	3021.0000	304.6000	1525.0000	2047.0000	95.1740	1567.0000	4096.0000	424.1000	380.0000	1246.0000	2858.0000	606.5000	1312.0000	2285.5000	332.5000	2612.5000	297.9000	632.0000	589.5000	217.4000	312.8000	453.3000	
1347001200000.0000	182.0000	347.0500	434.7000	1269.5000	407.3000	2356.9980	2910.0000	331.3000	1404.0000	2245.0000	100.7190	1716.0000	3812.0000	425.9000	361.2000	1226.0000	2923.5000	701.0000	1358.0000	2295.0000	309.0000	1972.5000	292.0000	692.5000	537.5000	228.0000	335.3000	561.0000	
1343890800000.0000	162.0000	314.1500	429.2500	1250.5000	384.2000	2100.0000	2880.0000	320.1000	1258.0000	2160.0000	106.8890	1698.0000	3715.0000	429.4000	334.0000	1041.0000	3029.0000	673.5000	1312.0000	2269.0000	281.4000	1854.0000	274.9000	669.5000	525.5000	213.2000	318.9000	561.0000	
1339484400000.0000	169.5000	304.0500	417.4500	1266.0000	376.2000	2228.9990	2929.5000	291.1000	1458.0000	2153.0000	99.3540	1781.0000	3583.0000	415.5000	325.9000	1053.0000	2663.5000	676.5000	1360.0000	2144.0000	308.4000	2096.0000	280.2000	657.5000	569.0000	211.6000	319.2000	489.0000	
1342594800000.0000	196.8000	322.2000	444.9000	1317.5000	399.0000	1994.9970	3684.5000	316.9000	1428.0000	2120.0000	105.3250	1719.0000	3638.0000	433.2000	325.1000	1072.0000	2984.5000	696.0000	1415.0000	2300.5000	313.7000	2028.0000	273.4000	670.5000	504.5000	225.8000	322.2000	563.0000	
1327046400000.0000	167.7000	329.0000	467.4500	1457.0000	370.6000	2088.9980	2857.5000	290.6000	1361.0000	1989.0000	100.6900	1532.0000	4251.0000	378.5000	334.7000	1338.0000	3037.5000	599.5000	1251.0000	2329.5000	275.0000	2660.0000	293.8000	618.5000	506.0000	205.5000	283.3000	422.5000	
1338188400000.0000	247.3000	304.5000	399.7000	1263.0000	383.1000	2175.0030	3071.5000	293.6000	1432.0000	2090.0000	98.1600	1680.0000	3433.0000	400.7000	345.2000	1038.0000	2617.5000	647.0000	1348.0000	2083.5000	328.5000	2017.0000	273.2000	678.5000	655.0000	205.3000	311.3000	495.0000	
1349938800000.0000	161.1000	313.0000	438.7500	1333.5000	412.5000	2237.0030	3321.0000	358.8000	1426.0000	2369.0000	101.4300	1671.0000	3901.0000	449.8000	377.9000	1314.0000	2870.0000	727.0000	1426.0000	2212.0000	287.0000	1855.5000	269.5000	689.0000	461.6000	220.9000	334.6000	606.0000	
1325750400000.0000	230.1000	393.9000	474.0500	1430.5000	356.6000	2049.0030	2841.0000	298.0000	1393.0000	2145.0000	100.8320	1532.0000	3902.0000	360.6000	306.2000	1263.0000	3009.5000	618.5000	1291.0000	2437.0000	319.7000	2455.0000	316.0000	613.0000	613.0000	194.9000	290.8000	383.5000	
1348642800000.0000	213.0000	339.9500	438.3500	1251.5000	394.5000	2319.0020	3062.5000	349.4000	1363.0000	2299.0000	100.8890	1685.0000	3816.0000	440.3000	362.0000	1233.0000	2955.5000	720.0000	1392.0000	2238.5000	320.6000	1831.0000	289.9000	691.5000	569.5000	230.9000	329.5000	580.0000	
1345532400000.0000	282.5000	339.3500	450.6500	1312.0000	411.0000	2285.0030	3390.0000	331.6000	1375.0000	2188.0000	106.1220	1733.0000	3960.0000	435.4000	364.8000	1141.0000	2982.0000	716.5000	1338.0000	2339.0000	338.8000	1983.0000	281.6000	697.5000	665.5000	219.2000	326.0000	545.0000	
1355472000000.0000	250.7000	341.9000	426.4500	1041.5000	388.7000	2124.9950	3084.5000	348.1000	1199.0000	2461.0000	91.5340	1567.0000	4190.0000	443.9000	393.9000	1355.0000	2924.0000	703.0000	1444.0000	2198.0000	311.0000	1826.5000	264.6000	708.0000	663.0000	237.6000	335.7000	732.0000	
1352361600000.0000	-5.0000	322.2000	430.2500	1044.0000	372.5000	2158.0030	-5.0000	351.2000	1401.0000	2521.0000	95.3160	1517.0000	3906.0000	443.3000	383.5000	1265.0000	2873.5000	659.0000	1410.0000	2202.0000	-5.0000	1884.0000	263.5000	700.0000	-5.0000	224.6000	321.6000	641.5000	
