#
# unknown PARAMETER set 
#
#
# TimeSeriesTable of series:
#
# TT.L_Close [249,249] Werte
# TSCO.L_Close [261,261] Werte
# BP.L_Close [261,261] Werte
# BG.L_Close [261,261] Werte
# MGGT.L_Close [261,261] Werte
# AGK.L_Close [261,261] Werte
# RIO.L_Close [261,261] Werte
# SBRY.L_Close [261,261] Werte
# TLW.L_Close [261,261] Werte
# CCL.L_Close [261,261] Werte
# VOD.L_Close [261,261] Werte
# SVT.L_Close [261,261] Werte
# BLT.L_Close [261,261] Werte
# REX.L_Close [261,261] Werte
# MKS.L_Close [261,261] Werte
# ANTO.L_Close [261,261] Werte
# AZN.L_Close [261,261] Werte
# UU.L_Close [261,261] Werte
# SSE.L_Close [261,261] Werte
# RDSB.L_Close [261,261] Werte
# BA.L_Close [261,261] Werte
# AAL.L_Close [261,261] Werte
# MRW.L_Close [261,261] Werte
# NG.L_Close [261,261] Werte
# MNDI.L_Close [261,261] Werte
# BT-A.L_Close [261,261] Werte
# CNA.L_Close [261,261] Werte
# EZJ.L_Close [261,261] Werte
#
#
Y	Y	Y	Y	Y	Y	Y	Y	Y	Y	Y	Y	Y	Y	Y	Y	Y	Y	Y	Y	Y	Y	Y	Y	Y	Y	Y	Y	
1397458800000.0000	414.9000	289.3500	474.5500	1120.0000	466.3000	1510.0040	3408.0000	326.5000	859.0000	2205.0000	212.9500	1759.0000	3876.0000	493.5010	426.7000	842.0000	3736.0000	753.5000	1469.0000	2373.5000	395.6000	1543.5000	203.9000	813.5000	990.0000	356.2000	339.3000	1640.0000	
1400569200000.0000	402.0000	306.0500	506.3000	1270.5000	465.3000	1714.9940	3203.0000	339.5000	839.0000	2380.0000	205.3000	1928.0000	3832.0000	517.0000	446.0000	783.5000	4308.5000	854.0000	1568.0000	2553.5000	408.5000	1533.0000	209.5000	884.0000	1026.0000	379.3000	327.3000	1580.0000	
1412319600000.0000	393.0000	172.1500	445.0000	1066.0000	438.9000	1538.0000	2949.5000	227.4000	600.0000	2444.0000	203.8500	1867.0000	3301.0000	478.9000	400.5000	680.5000	4362.0000	810.0000	1514.0000	2383.5000	460.2000	1314.5000	157.8000	885.0000	992.5000	376.8000	306.2000	1459.0000	
1411023600000.0000	384.0000	227.3500	471.3000	1170.5000	480.0000	1607.0000	3229.5000	280.9000	665.5000	2425.0000	203.3000	1922.0000	3633.0000	510.0000	425.8000	753.0000	4536.5000	839.0000	1521.0000	2494.0000	467.6000	1489.5000	178.4000	888.5000	1085.0000	395.5000	321.1000	1344.0000	
1407913200000.0000	361.9000	244.1500	470.2500	1145.0000	467.3000	1725.0000	3423.5000	303.3000	707.0000	2222.0000	197.2000	1926.0000	4079.0000	499.8000	427.4000	809.0000	4101.5000	858.5000	1466.0000	2477.0000	435.7000	1576.5000	169.0000	861.0000	1012.0000	368.6000	311.5000	1290.0000	
1406617200000.0000	367.6000	269.1500	484.2500	1201.5000	518.5000	1774.0000	3475.0000	323.3000	764.0000	2127.0000	202.9000	1937.0000	4192.0000	518.0000	438.0000	855.0000	4322.5000	902.5000	1473.0000	2535.0000	425.5000	1648.0000	174.5000	879.5000	1074.0000	387.0000	315.4000	1304.0000	
1403506800000.0000	384.2000	292.0000	520.0000	1270.5000	532.0000	1606.0000	3127.0000	315.3000	872.0000	2313.0000	191.5000	1943.0000	3876.0000	526.5000	432.6000	779.0000	4373.5000	883.5000	1583.0000	2552.0000	423.6000	1470.5000	186.6000	844.5000	1100.0000	384.9000	319.0000	1423.0000	
1391068800000.0000	425.0000	323.3000	477.9000	1008.5000	515.0000	1560.0020	3240.5000	349.7000	811.5000	2520.0000	128.3300	1732.0000	3622.0000	494.0000	474.9000	873.5000	3873.0000	723.5000	1321.0000	2266.5000	436.0000	1435.5000	240.6000	782.0000	927.5000	370.9000	316.0000	1637.0000	
1394179200000.0000	430.0000	322.7500	480.0500	1090.0000	474.5000	1599.9970	3200.0000	339.0000	800.5000	2396.0000	238.6500	1873.0000	3697.0000	494.7010	488.4000	877.0000	3985.0000	787.0000	1425.0000	2321.5000	405.2000	1462.5000	237.5000	822.0000	1091.0000	401.3000	324.6000	1681.0000	
1413961200000.0000	369.6000	183.0000	434.2500	1062.5000	446.8000	1547.0000	3089.5000	241.6000	527.5000	2369.0000	194.1000	1964.0000	3329.0000	468.6000	420.0000	694.5000	4316.5000	830.0000	1544.0000	2284.0000	449.3000	1356.5000	157.9000	885.0000	1005.0000	373.1000	295.6000	1440.0000	
1410850800000.0000	362.1000	225.1500	472.3500	1161.5000	480.8000	1616.0000	3231.5000	282.0000	686.5000	2388.0000	201.3500	1932.0000	3672.0000	498.8000	423.9000	762.0000	4511.5000	846.0000	1496.0000	2499.5000	456.7000	1497.5000	176.3000	887.0000	1075.0000	386.6000	319.5000	1335.0000	
1389772800000.0000	427.5000	332.2500	492.8500	1334.5000	537.0000	1712.9960	3254.0000	356.2000	863.0000	2600.0000	135.6090	1641.0000	3583.0000	516.0000	480.2000	790.0000	3845.0000	659.0000	1320.0000	2296.5000	436.6000	1332.5000	247.8000	783.0000	1043.0000	386.0000	315.5000	1685.0000	
1394694000000.0000	429.0000	298.7500	478.5000	1070.5000	447.7000	1504.9970	3162.0000	304.9000	779.5000	2347.0000	224.4000	1820.0000	3580.0000	481.5000	458.8000	835.5000	3979.0000	794.0000	1417.0000	2300.0000	392.0000	1411.5000	205.2000	822.0000	1068.0000	397.9000	334.8000	1634.0000	
1409554800000.0000	368.9000	225.5500	482.7000	1217.0000	477.6000	1700.0000	3231.0000	289.5000	730.0000	2260.0000	206.7000	1942.0000	3810.0000	504.0000	441.0000	780.5000	4577.5000	873.0000	1519.0000	2554.0000	456.0000	1523.5000	173.5000	902.5000	1012.0000	385.6000	322.0000	1342.0000	
1419494400000.0000	416.6000	186.0000	416.8500	881.2000	516.0000	1532.0000	2887.5000	244.7000	422.3000	2859.0000	225.0000	2038.0000	2738.0000	460.9000	483.9000	745.5000	4555.5000	931.0000	1629.0000	2281.0000	474.1000	1182.0000	181.7000	918.8000	1062.0000	416.7000	284.7000	1678.0000	
1416384000000.0000	410.2000	194.1000	440.1500	1027.5000	479.6000	1579.0000	2942.0000	262.6000	471.0000	2650.0000	228.6000	2081.0000	3250.0000	445.3000	475.7000	706.5000	4766.5000	914.5000	1592.0000	2322.0000	463.0000	1323.0000	182.2000	960.5000	1076.0000	381.0000	298.6000	1542.0000	
1402038000000.0000	448.6000	290.5500	505.0000	1251.0000	522.0000	1687.0000	3168.5000	326.1000	845.5000	2462.0000	207.0000	1985.0000	3784.0000	536.0000	451.0000	772.5000	4328.0000	885.5000	1556.0000	2467.0000	427.2000	1465.0000	193.0000	848.5000	1123.0000	405.2000	335.5000	1603.0000	
1392710400000.0000	414.3000	329.7000	495.1000	1095.0000	515.0000	1615.9970	3570.5000	345.0000	782.0000	2522.0000	127.3910	1793.0000	3898.0000	524.5000	496.3000	950.0000	4092.5000	760.0000	1392.0000	2336.0000	437.6000	1587.0000	232.6000	825.0000	1035.0000	418.1000	314.4000	1753.0000	
1397631600000.0000	407.8000	293.8000	478.5000	1128.0000	466.2000	1501.9990	3305.5000	320.6000	875.5000	2205.0000	212.0000	1800.0000	3819.0000	495.8000	427.7000	846.0000	3758.5000	775.0000	1505.0000	2384.5000	376.0000	1538.5000	202.0000	829.0000	985.0000	362.0000	343.3000	1653.0000	
1400742000000.0000	443.9000	303.4500	508.2000	1234.0000	471.0000	1719.0020	3230.0000	342.5000	851.5000	2402.0000	204.1500	1941.0000	3871.0000	527.0000	447.8000	786.0000	4275.0000	857.0000	1542.0000	2456.5000	413.2000	1538.0000	204.9000	881.0000	1052.0000	383.0000	328.7000	1550.0000	
1419321600000.0000	452.2000	184.6000	415.8500	879.5000	519.5000	1528.0000	2894.5000	244.1000	419.7000	2843.0000	224.7000	2040.0000	2765.0000	463.5000	484.0000	745.5000	4516.5000	933.5000	1627.0000	2266.0000	473.3000	1181.5000	180.4000	917.0000	1069.0000	414.1000	282.5000	1669.0000	
1396335600000.0000	366.6000	293.4000	484.3000	1129.0000	482.9000	1502.9980	3375.0000	309.5000	752.5000	2314.0000	220.3000	1857.0000	3764.0000	489.5000	459.8000	839.5000	3924.5000	801.0000	1489.0000	2349.0000	414.3000	1521.5000	210.8000	828.5000	1041.0000	379.9000	328.5000	1773.0000	
1418025600000.0000	362.7000	187.3000	417.3000	895.0000	508.5000	1561.0000	2883.0000	235.8000	391.8000	2803.0000	229.9500	1986.0000	2874.0000	454.7000	483.5000	726.5000	4695.5000	898.0000	1672.0000	2171.5000	479.8000	1244.0000	184.9000	927.0000	1081.0000	416.5000	283.6000	1705.0000	
1408086000000.0000	388.3000	248.0000	470.9500	1163.5000	467.8000	1710.0000	3406.0000	311.7000	706.0000	2239.0000	197.5500	1938.0000	4100.0000	496.7000	427.1000	807.0000	4092.5000	870.5000	1489.0000	2490.0000	437.0000	1577.5000	173.1000	875.0000	1006.0000	371.3000	313.5000	1289.0000	
1406790000000.0000	431.8000	258.0000	484.0000	1172.0000	508.5000	1720.0000	3392.0000	312.9000	728.5000	2147.0000	198.1000	1935.0000	4058.0000	501.0000	430.2000	810.5000	4344.5000	890.0000	1457.0000	2555.5000	427.8000	1599.0000	168.6000	855.5000	1043.0000	388.5000	309.0000	1295.0000	
1403679600000.0000	406.6000	285.2500	516.9000	1268.0000	508.5000	1606.0000	3097.5000	312.7000	846.5000	2227.0000	189.8000	1890.0000	3800.0000	525.0000	426.2000	762.5000	4362.0000	864.5000	1564.0000	2516.5000	422.9000	1427.5000	183.5000	839.5000	1081.0000	381.2000	313.9000	1474.0000	
1399273200000.0000	365.6000	285.5000	501.7000	1251.5000	476.9000	1644.9990	3247.0000	321.3000	884.0000	2377.0000	222.9000	1833.0000	3862.0000	504.0000	440.8000	790.5000	4808.0000	794.0000	1530.0000	2533.0000	401.1000	1565.0000	196.2000	838.5000	973.5000	377.5000	328.8000	1641.0000	
1402383600000.0000	428.5000	295.4000	507.2000	1242.5000	529.5000	1660.0000	3148.5000	329.8000	846.0000	2465.0000	208.8500	2000.0000	3775.0000	527.0000	455.7000	773.0000	4348.0000	901.0000	1576.0000	2471.5000	430.3000	1452.0000	194.5000	831.0000	1097.0000	396.5000	332.0000	1593.0000	
1414134000000.0000	369.0000	168.7500	432.8500	1043.0000	442.6000	1536.0000	3012.5000	238.2000	494.6000	2349.0000	200.5000	1988.0000	3254.0000	466.8000	414.2000	693.0000	4327.5000	838.0000	1536.0000	2287.0000	441.5000	1308.0000	152.5000	891.0000	1003.0000	370.0000	292.7000	1438.0000	
1389945600000.0000	423.4000	331.1000	491.0500	1344.5000	545.0000	1722.0000	3383.0000	368.6000	906.5000	2581.0000	136.4900	1645.0000	3780.0000	505.5010	486.5000	846.5000	3875.0000	688.0000	1320.0000	2279.5000	444.4000	1391.0000	252.4000	788.0000	1012.0000	383.4000	321.4000	1680.0000	
1409727600000.0000	374.9000	232.6000	483.7500	1232.5000	482.0000	1706.0000	3255.5000	296.8000	731.5000	2290.0000	209.7000	1980.0000	3782.0000	504.5000	441.3000	792.5000	4577.0000	884.5000	1488.0000	2556.0000	453.5000	1580.0000	175.3000	910.0000	1039.0000	387.4000	325.2000	1364.0000	
1416556800000.0000	403.5000	194.4000	448.2000	1069.0000	487.9000	1603.0000	3042.0000	259.7000	505.0000	2617.0000	227.8000	2065.0000	3324.0000	443.3000	474.2000	730.5000	4741.0000	910.0000	1593.0000	2391.0000	465.1000	1380.0000	186.5000	931.5000	1093.0000	380.0000	292.0000	1553.0000	
1405321200000.0000	442.0000	284.4500	503.4000	1183.5000	495.0000	1685.0000	3242.0000	320.0000	794.5000	2136.0000	192.1000	1909.0000	3986.0000	534.0000	435.4000	814.5000	4369.5000	876.5000	1544.0000	2538.5000	418.0000	1501.5000	176.2000	853.0000	1033.0000	386.1000	306.5000	1244.0000	
1415260800000.0000	422.0000	181.5000	435.9000	1025.5000	476.7000	1510.0000	2967.5000	262.2000	507.5000	2531.0000	207.4500	1962.0000	3256.0000	483.9000	470.4000	696.0000	4591.5000	859.5000	1573.0000	2271.0000	456.2000	1329.0000	172.5000	917.0000	1060.0000	371.4000	303.4000	1553.0000	
1392883200000.0000	382.0000	334.5000	499.5500	1096.0000	514.5000	1627.0000	3593.5000	350.8000	780.0000	2451.0000	130.5760	1798.0000	3958.0000	515.0000	503.5000	950.5000	3996.0000	773.0000	1420.0000	2356.5000	400.4000	1554.0000	242.1000	836.0000	1045.0000	415.3000	320.6000	1748.0000	
1397804400000.0000	424.4000	289.7000	482.0500	1134.0000	473.0000	1516.0000	3288.5000	314.0000	867.5000	2235.0000	214.1500	1782.0000	3826.0000	502.0000	434.5000	828.5000	3781.5000	769.5000	1502.0000	2393.0000	389.1000	1547.0000	201.4000	824.0000	1004.0000	369.5000	345.0000	1683.0000	
1412665200000.0000	440.4000	182.6000	441.7500	1082.5000	436.4000	1509.0000	3020.5000	230.2000	600.5000	2328.0000	206.0500	1853.0000	3336.0000	476.7000	404.2000	698.5000	4303.0000	794.5000	1510.0000	2358.0000	450.5000	1375.0000	159.3000	875.5000	973.0000	370.9000	304.6000	1389.0000	
1391587200000.0000	437.6000	315.0500	470.0500	1060.5000	503.0000	1548.0000	3273.5000	349.3000	849.5000	2486.0000	122.7850	1744.0000	3518.0000	492.6000	462.2000	864.0000	3877.0000	714.0000	1342.0000	2208.0000	419.1000	1452.0000	236.2000	779.0000	939.5000	384.5000	313.0000	1661.0000	
1396508400000.0000	404.4000	291.7000	485.1500	1137.0000	479.2000	1516.0000	3316.0000	309.1000	800.0000	2355.0000	219.1500	1818.0000	3852.0000	495.0000	471.6000	845.5000	3917.5000	788.5000	1464.0000	2342.5000	407.2000	1516.5000	207.0000	818.0000	1054.0000	381.6000	328.5000	1791.0000	
1418198400000.0000	391.0000	175.7000	399.6000	872.4000	497.2000	1450.0000	2797.5000	226.4000	379.5000	2744.0000	222.6500	1948.0000	2773.0000	453.6000	475.0000	726.5000	4683.0000	882.0000	1636.0000	2098.5000	461.0000	1207.5000	176.7000	907.0000	1077.0000	410.1000	277.9000	1643.0000	
1415088000000.0000	403.5000	171.8500	430.4000	999.1000	440.0000	1455.0000	2956.5000	241.8000	457.9000	2485.0000	203.5500	1943.0000	3221.0000	475.2000	404.7000	696.0000	4571.5000	842.0000	1565.0000	2220.0000	451.0000	1325.5000	153.3000	912.0000	1049.0000	362.2000	295.9000	1544.0000	
1411369200000.0000	423.0000	203.0000	469.9500	1169.0000	484.8000	1595.0000	3058.5000	278.8000	668.0000	2437.0000	201.5000	1935.0000	3461.0000	512.0000	433.6000	734.5000	4577.5000	841.5000	1530.0000	2500.0000	475.1000	1426.5000	179.0000	892.0000	1072.0000	391.7000	320.0000	1304.0000	
1403852400000.0000	436.6000	283.7500	514.6000	1246.5000	507.0000	1642.0000	3123.0000	316.7000	853.0000	2224.0000	196.2500	1917.0000	3827.0000	527.5000	431.9000	764.5000	4370.0000	880.5000	1566.0000	2551.0000	431.6000	1431.0000	183.9000	837.0000	1072.0000	389.0000	312.8000	1459.0000	
1391414400000.0000	403.0000	318.9500	473.6000	1025.0000	513.0000	1564.0000	3219.0000	345.5000	785.0000	2455.0000	126.3100	1762.0000	3549.0000	500.0000	467.9000	848.0000	3872.0000	722.5000	1332.0000	2208.0000	423.8000	1397.0000	238.6000	792.0000	917.0000	384.8000	313.8000	1635.0000	
1399446000000.0000	433.1000	286.0500	501.4000	1268.0000	482.7000	1643.9990	3247.0000	323.9000	896.0000	2399.0000	226.7500	1861.0000	3834.0000	489.9010	436.9000	780.0000	4631.0000	816.5000	1545.0000	2546.0000	404.5000	1567.5000	190.8000	844.5000	992.0000	376.8000	326.8000	1710.0000	
1402556400000.0000	426.7000	292.1000	508.3000	1265.0000	525.0000	1640.0000	3058.0000	325.7000	842.0000	2414.0000	196.7500	1973.0000	3736.0000	527.5000	453.2000	749.5000	4422.5000	886.5000	1559.0000	2483.5000	426.8000	1418.0000	193.2000	838.5000	1073.0000	397.3000	329.1000	1501.0000	
1395039600000.0000	368.9000	299.7000	476.8500	1080.0000	460.2000	1532.9990	3179.5000	311.4000	775.5000	2381.0000	226.0000	1831.0000	3617.0000	484.0000	466.3000	847.5000	3970.5000	792.5000	1427.0000	2286.0000	396.5000	1461.5000	207.4000	826.0000	1084.0000	394.1000	332.5000	1636.0000	
1398150000000.0000	377.9000	292.4000	486.6000	1137.5000	477.0000	1543.0030	3257.0000	320.5000	865.0000	2265.0000	217.0500	1800.0000	3837.0000	506.0000	442.3000	844.5000	3960.0000	776.5000	1509.0000	2389.0000	392.0000	1538.5000	204.1000	831.0000	1004.0000	371.3000	344.9000	1712.0000	
1409900400000.0000	405.2000	228.5000	466.8000	1218.0000	470.5000	1680.0000	3221.0000	292.0000	729.0000	2374.0000	206.0000	1995.0000	3793.0000	496.9000	435.8000	794.0000	4553.0000	874.0000	1511.0000	2557.5000	455.8000	1564.5000	173.4000	916.0000	1045.0000	388.5000	324.3000	1366.0000	
1419840000000.0000	356.9000	188.4500	418.0000	889.7000	516.5000	1535.0000	2966.0000	246.0000	422.3000	2930.0000	224.8000	2041.0000	2814.0000	457.7000	483.2000	755.0000	4557.0000	933.5000	1632.0000	2284.5000	475.6000	1214.5000	183.0000	922.3000	1069.0000	405.5000	286.2000	1642.0000	
1405494000000.0000	404.8000	287.1500	506.6000	1204.5000	537.0000	1738.0000	3334.5000	325.6000	778.0000	2145.0000	195.9000	1918.0000	4068.0000	536.5000	438.0000	824.5000	4371.0000	887.5000	1543.0000	2542.0000	422.3000	1564.0000	180.1000	858.5000	1057.0000	387.1000	310.3000	1357.0000	
1401087600000.0000	433.5000	304.1300	506.9700	1213.4400	471.4900	1718.0020	3257.5000	343.7000	840.9600	2399.0000	206.3560	1924.0000	3894.8000	528.5000	443.2000	799.0000	4328.0000	845.9600	1548.0000	2444.5000	413.4930	1573.4200	202.7000	880.4600	1072.1000	385.5450	328.2800	1572.0000	
1412838000000.0000	391.5000	186.7000	435.1500	1051.0000	435.2000	1474.0000	3053.0000	230.2000	571.0000	2268.0000	197.3500	1897.0000	3331.0000	480.6000	394.1000	686.0000	4210.0000	805.0000	1517.0000	2320.0000	442.9000	1356.0000	159.7000	876.0000	956.0000	369.0000	302.4000	1341.0000	
1388649600000.0000	374.5000	330.0500	488.8500	1296.0000	533.5000	1694.9970	3370.0000	367.4000	855.0000	2469.0000	134.8980	1694.0000	3704.0000	518.0000	427.3000	822.0000	3558.0000	670.0000	1339.0000	2263.5000	430.5000	1292.0000	259.5000	785.5000	1045.0000	380.1000	343.8000	1552.0000	
1391760000000.0000	437.6000	320.9000	481.7000	1053.0000	517.5000	1564.9990	3407.0000	351.1000	836.5000	2527.0000	126.2540	1763.0000	3610.0000	503.5010	472.5000	894.0000	3860.0000	733.0000	1357.0000	2223.0000	429.1000	1480.0000	237.9000	792.0000	960.5000	392.0000	314.2000	1728.0000	
1411542000000.0000	358.2000	194.9000	464.9500	1150.5000	470.8000	1570.0000	3182.5000	260.6000	665.0000	2451.0000	204.2500	1888.0000	3595.0000	508.5000	428.2000	741.0000	4396.0000	822.0000	1530.0000	2463.0000	466.4000	1461.0000	176.1000	882.0000	1045.0000	388.4000	308.1000	1315.0000	
1408431600000.0000	444.5000	248.5000	481.6000	1190.0000	466.5000	1740.0000	3414.5000	311.9000	717.0000	2296.0000	202.2000	1950.0000	3930.0000	494.0000	435.0000	818.0000	4238.5000	876.0000	1505.0000	2546.0000	439.0000	1578.5000	175.4000	881.5000	1023.0000	376.0000	314.9000	1335.0000	
1418371200000.0000	382.7000	165.7500	385.6500	819.0000	481.2000	1421.0000	2682.5000	227.5000	367.3000	2719.0000	215.3000	1937.0000	2650.0000	444.6000	467.7000	701.5000	4573.0000	903.0000	1611.0000	2031.5000	442.3000	1136.0000	171.0000	882.5000	1033.0000	397.4000	265.4000	1640.0000	
1407135600000.0000	423.8000	250.7000	484.5500	1221.5000	503.5000	1721.0000	3360.5000	307.8000	722.0000	2115.0000	196.4000	1876.0000	4027.0000	506.0000	422.7000	811.0000	4362.5000	858.5000	1440.0000	2538.0000	425.6000	1585.0000	168.3000	844.5000	1031.0000	377.6000	307.2000	1275.0000	
1399618800000.0000	442.0000	296.8500	500.9000	1264.5000	479.0000	1642.0000	3188.5000	335.8000	898.5000	2399.0000	226.7500	1865.0000	3793.0000	502.5010	458.4000	769.0000	4600.5000	822.5000	1511.0000	2576.0000	405.0000	1604.0000	197.6000	855.0000	1016.0000	382.5000	318.5000	1685.0000	
1414479600000.0000	428.2000	169.8000	437.0000	1026.0000	439.1000	1490.0000	3023.5000	245.3000	485.7000	2381.0000	203.5500	1996.0000	3263.0000	470.4000	406.6000	700.5000	4397.0000	845.0000	1555.0000	2282.0000	442.6000	1344.5000	154.4000	900.0000	1012.0000	375.4000	295.0000	1449.0000	
1390291200000.0000	335.4000	329.6000	491.3000	1342.0000	540.0000	1735.0010	3231.5000	366.0000	889.5000	2553.0000	135.1820	1667.0000	3709.0000	508.0000	482.0000	819.5000	3947.0000	696.0000	1340.0000	2273.5000	437.5000	1356.0000	250.1000	792.0000	993.0000	381.5000	322.4000	1710.0000	
1395212400000.0000	426.5000	294.6000	476.9500	1070.0000	471.8000	1518.9980	3144.5000	310.5000	766.5000	2420.0000	227.7000	1865.0000	3557.0000	490.7010	472.6000	785.0000	3977.5000	795.0000	1438.0000	2301.5000	413.5000	1388.5000	210.2000	830.0000	1071.0000	396.0000	331.5000	1634.0000	
1398322800000.0000	372.1000	300.4000	489.3500	1150.0000	472.9000	1559.0030	3278.5000	323.7000	861.0000	2305.0000	216.4000	1800.0000	3858.0000	504.0000	437.5000	800.0000	4175.0000	779.5000	1493.0000	2408.5000	396.4000	1566.5000	197.9000	817.0000	1002.0000	372.1000	331.8000	1699.0000	
1413183600000.0000	411.9000	180.6000	431.9500	1040.0000	427.8000	1461.0000	3090.0000	228.7000	529.5000	2155.0000	193.8000	1891.0000	3321.0000	461.9000	383.9000	677.0000	4355.5000	808.0000	1499.0000	2269.5000	445.1000	1388.0000	155.9000	872.0000	966.0000	368.4000	293.6000	1340.0000	
1420012800000.0000	446.6000	189.0000	411.0000	865.0000	519.0000	1504.0000	3000.0000	246.7000	413.9000	2919.0000	222.6500	2006.0000	2777.0000	453.8000	478.8000	752.5000	4555.5000	916.0000	1622.0000	2233.0000	472.0000	1200.5000	184.2000	918.1000	1050.0000	401.5000	279.0000	1671.0000	
1416902400000.0000	411.9000	188.1500	442.5000	1050.5000	492.5000	1595.0000	2986.0000	241.4000	501.5000	2667.0000	224.5500	2055.0000	3187.0000	455.0000	480.9000	733.5000	4676.0000	914.5000	1580.0000	2357.5000	472.5000	1329.5000	181.1000	942.0000	1080.0000	395.8000	284.7000	1560.0000	
1405666800000.0000	435.8000	285.0000	493.7000	1178.0000	541.5000	1693.0000	3295.0000	324.7000	771.0000	2139.0000	195.2500	1926.0000	4022.0000	521.5000	435.7000	805.5000	4340.0000	894.0000	1528.0000	2523.5000	417.2000	1537.0000	178.0000	864.0000	1039.0000	383.5000	311.2000	1348.0000	
1415606400000.0000	387.5000	192.9000	439.6000	1055.5000	484.1000	1540.0000	3024.0000	254.7000	508.0000	2520.0000	207.8500	1972.0000	3344.0000	484.9000	477.1000	715.5000	4611.0000	863.5000	1562.0000	2336.0000	462.0000	1360.5000	170.6000	929.5000	1069.0000	375.1000	300.6000	1552.0000	
1393228800000.0000	373.1000	333.4000	505.9000	1117.5000	510.5000	1654.0030	3536.5000	347.8000	781.0000	2488.0000	252.3000	1830.0000	3920.0000	513.0000	505.5000	933.0000	4100.0000	781.0000	1437.0000	2373.5000	417.5000	1533.5000	239.9000	840.0000	1048.0000	413.9000	319.2000	1772.0000	
1401260400000.0000	355.5000	301.3000	506.1000	1211.0000	482.1000	1749.0000	3177.5000	335.5000	841.5000	2393.0000	209.7500	1933.0000	3844.0000	531.5000	443.6000	797.5000	4255.0000	860.0000	1543.0000	2442.5000	419.6000	1527.5000	198.9000	892.5000	1090.0000	398.4000	330.8000	1565.0000	
1396854000000.0000	392.0000	283.3000	484.8500	1141.5000	471.0000	1513.0020	3343.5000	310.0000	800.0000	2350.0000	217.6000	1816.0000	3856.0000	497.5010	452.9000	851.5000	3867.5000	788.0000	1482.0000	2352.0000	405.6000	1554.0000	204.9000	817.0000	1047.0000	375.0000	334.8000	1796.0000	
1411714800000.0000	384.7000	191.5500	451.7000	1127.5000	455.3000	1566.0000	3090.0000	250.1000	649.5000	2474.0000	204.9500	1874.0000	3464.0000	495.7000	421.7000	722.0000	4408.5000	806.5000	1522.0000	2435.0000	469.3000	1406.5000	171.0000	879.0000	1028.0000	383.6000	306.9000	1393.0000	
1408604400000.0000	400.8000	245.5000	483.8500	1180.0000	466.7000	1744.0000	3433.0000	307.1000	710.5000	2292.0000	202.6000	1950.0000	3942.0000	489.4000	437.3000	808.5000	4411.5000	893.5000	1520.0000	2503.5000	441.8000	1573.5000	176.3000	887.5000	1018.0000	379.6000	317.9000	1324.0000	
1407308400000.0000	420.0000	245.5500	473.7000	1188.5000	478.5000	1722.0000	3390.5000	303.5000	728.5000	2135.0000	197.9000	1880.0000	4070.0000	505.5000	422.9000	822.5000	4190.0000	848.0000	1456.0000	2553.5000	422.3000	1570.0000	167.8000	846.0000	1018.0000	378.7000	310.7000	1283.0000	
1404198000000.0000	435.8000	284.1500	515.3000	1247.0000	505.5000	1654.0000	3202.5000	314.1000	855.0000	2200.0000	196.0500	1962.0000	3889.0000	537.5000	427.0000	769.5000	4369.5000	893.0000	1584.0000	2555.0000	432.5000	1487.0000	180.2000	855.5000	1067.0000	392.3000	314.5000	1349.0000	
1402902000000.0000	330.5000	288.8500	505.6000	1257.5000	523.0000	1614.0000	3025.0000	317.7000	856.5000	2307.0000	194.1000	1972.0000	3730.0000	525.5000	437.9000	748.5000	4358.0000	888.5000	1564.0000	2494.0000	418.4000	1422.0000	188.3000	839.5000	1050.0000	384.9000	323.3000	1435.0000	
1414652400000.0000	363.0000	173.3000	444.0000	1026.5000	446.2000	1507.0000	2946.5000	246.5000	484.1000	2467.0000	206.4500	1993.0000	3231.0000	472.3000	404.9000	690.5000	4500.0000	849.5000	1581.0000	2307.5000	452.0000	1320.5000	155.6000	914.0000	1037.0000	367.9000	299.8000	1460.0000	
1390464000000.0000	433.3000	326.4000	488.1500	1295.0000	532.5000	1674.0000	3217.0000	358.8000	890.5000	2521.0000	133.0500	1685.0000	3649.0000	501.0000	493.2000	807.0000	3960.0000	705.5000	1320.0000	2291.0000	437.2000	1380.5000	244.2000	797.5000	979.0000	383.4000	320.7000	1672.0000	
1395385200000.0000	373.1000	290.9000	468.7500	1062.0000	471.2000	1504.9970	3207.0000	309.5000	775.0000	2464.0000	227.2000	1888.0000	3619.0000	494.6000	459.7000	806.5000	3929.0000	804.5000	1510.0000	2298.5000	411.0000	1439.5000	211.2000	822.5000	1035.0000	387.1000	337.9000	1622.0000	
1413356400000.0000	410.0000	174.9000	416.7000	1015.0000	423.9000	1452.0000	3072.5000	225.4000	494.2000	2199.0000	186.3000	1858.0000	3296.0000	454.2000	389.7000	666.0000	4264.5000	799.0000	1479.0000	2198.5000	437.2000	1383.5000	157.6000	869.5000	943.5000	360.1000	286.6000	1352.0000	
1410246000000.0000	445.4000	233.1500	466.8500	1202.5000	480.5000	1672.0000	3224.0000	293.3000	721.5000	2393.0000	206.2500	1959.0000	3744.0000	499.5000	433.8000	785.0000	4577.5000	858.0000	1456.0000	2504.5000	452.6000	1527.0000	175.3000	909.5000	1057.0000	387.4000	323.8000	1387.0000	
1417075200000.0000	410.3000	185.6500	426.2000	986.7000	496.8000	1571.0000	3012.0000	233.9000	464.9000	2697.0000	227.3500	2034.0000	3134.0000	455.6000	482.0000	750.5000	4720.5000	907.0000	1634.0000	2265.5000	478.6000	1352.0000	178.0000	937.0000	1088.0000	405.3000	287.7000	1633.0000	
1408950000000.0000	415.3000	248.0000	485.1000	1188.0000	466.7000	1734.0000	3392.5000	306.5000	705.0000	2291.0000	205.8500	1933.0000	3888.0000	489.1000	436.4000	808.0000	4418.0000	896.0000	1497.0000	2499.0000	439.1000	1556.5000	177.7000	885.0000	1007.0000	379.9000	316.6000	1319.0000	
1415779200000.0000	436.9000	191.4500	433.9000	1033.0000	478.5000	1545.0000	3021.0000	266.1000	492.8000	2536.0000	222.0000	1978.0000	3326.0000	481.3000	472.5000	720.5000	4690.0000	873.0000	1536.0000	2320.0000	460.6000	1364.5000	173.0000	937.0000	1055.0000	367.1000	297.0000	1540.0000	
1393401600000.0000	434.1000	326.0000	506.8000	1100.0000	502.5000	1629.9980	3407.5000	345.5000	766.5000	2500.0000	245.2500	1835.0000	3834.0000	504.0000	502.0000	911.5000	4075.0000	780.5000	1424.0000	2346.0000	409.9000	1494.0000	235.0000	830.0000	1042.0000	411.9000	319.7000	1680.0000	
1401433200000.0000	431.2000	303.5500	503.0000	1221.0000	484.5000	1667.0000	3057.0000	346.1000	843.0000	2425.0000	209.5000	1968.0000	3736.0000	531.5000	449.2000	788.5000	4283.5000	868.0000	1556.0000	2435.0000	423.1000	1457.5000	201.7000	890.0000	1071.0000	397.0000	335.6000	1530.0000	
1388995200000.0000	356.1000	332.2000	488.9500	1300.5000	534.5000	1733.0030	3266.0000	367.8000	847.0000	2482.0000	134.0730	1704.0000	3657.0000	515.5000	440.3000	787.0000	3598.5000	672.5000	1360.0000	2257.0000	431.6000	1275.0000	256.3000	785.5000	1017.0000	385.3000	342.5000	1597.0000	
1392105600000.0000	400.7000	318.7000	491.7500	1067.0000	530.5000	1586.9950	3460.0000	348.9000	845.5000	2549.0000	125.9700	1774.0000	3698.0000	508.5010	485.6000	903.0000	3974.5000	752.5000	1365.0000	2275.0000	435.9000	1526.0000	237.2000	813.5000	978.0000	395.5000	312.8000	1731.0000	
1397026800000.0000	433.8000	284.2000	482.9000	1117.0000	476.7000	1520.9970	3393.0000	312.0000	850.0000	2315.0000	220.0000	1803.0000	3885.0000	504.5010	456.0000	848.0000	3811.5000	770.0000	1486.0000	2356.5000	404.3000	1558.0000	201.9000	816.5000	1025.0000	363.5000	337.6000	1778.0000	
1418716800000.0000	383.2000	167.4500	383.9500	827.2000	487.3000	1456.0000	2727.0000	229.4000	381.4000	2770.0000	219.4500	1968.0000	2636.0000	448.6000	461.3000	700.0000	4490.5000	917.5000	1624.0000	2094.0000	449.8000	1138.0000	169.9000	877.0000	1037.0000	405.4000	270.0000	1631.0000	
1417420800000.0000	421.8000	183.8000	414.5000	904.6000	502.0000	1548.0000	2956.0000	231.8000	400.5000	2692.0000	227.2000	2041.0000	2968.0000	451.5000	489.7000	735.0000	4710.0000	908.0000	1649.0000	2208.0000	475.2000	1304.0000	176.7000	930.0000	1086.0000	411.8000	281.6000	1633.0000	
1407481200000.0000	339.1000	247.0000	464.0500	1154.5000	472.3000	1700.0000	3380.0000	302.4000	710.0000	2150.0000	191.9000	1882.0000	4012.0000	499.5000	418.6000	806.5000	4109.5000	838.0000	1455.0000	2504.0000	421.4000	1551.0000	169.6000	846.0000	1001.0000	371.4000	307.9000	1228.0000	
1404370800000.0000	361.7000	290.8000	516.9000	1276.0000	503.0000	1684.0000	3297.5000	321.0000	847.0000	2218.0000	196.5500	1974.0000	4000.0000	545.0000	434.0000	820.0000	4423.0000	896.5000	1595.0000	2546.5000	427.7000	1525.0000	182.2000	853.5000	1073.0000	388.9000	314.8000	1348.0000	
1399964400000.0000	374.1000	295.7500	500.2000	1269.0000	481.9000	1680.9960	3330.5000	339.0000	890.5000	2419.0000	219.8500	1887.0000	3930.0000	509.5010	468.2000	779.0000	4642.0000	834.5000	1509.0000	2586.5000	409.4000	1637.5000	195.8000	851.5000	1031.0000	374.9000	323.6000	1658.0000	
1403074800000.0000	372.0000	292.1000	514.4000	1267.0000	524.0000	1599.0000	3079.5000	317.1000	867.5000	2273.0000	198.1000	1928.0000	3749.0000	526.0000	438.5000	757.5000	4395.5000	861.5000	1562.0000	2533.0000	417.5000	1437.5000	190.9000	842.5000	1070.0000	385.0000	320.3000	1431.0000	
1398668400000.0000	415.1000	302.3500	488.3500	1146.0000	470.1000	1577.0010	3185.5000	330.5000	850.5000	2297.0000	218.8500	1794.0000	3805.0000	495.8000	433.4000	787.5000	4666.5000	781.5000	1500.0000	2409.0000	401.0000	1519.0000	198.8000	829.5000	969.0000	371.2000	332.7000	1628.0000	
1413529200000.0000	447.3000	174.5500	428.5000	1065.0000	441.4000	1491.0000	3099.0000	244.8000	524.0000	2214.0000	189.5000	1900.0000	3365.0000	461.0000	407.9000	683.5000	4186.5000	820.5000	1528.0000	2240.5000	443.9000	1365.0000	158.9000	873.0000	992.0000	362.7000	295.5000	1409.0000	
1410418800000.0000	389.3000	230.2000	472.2000	1181.5000	485.6000	1652.0000	3204.0000	285.3000	697.5000	2375.0000	203.4500	1960.0000	3698.0000	495.3000	425.7000	767.0000	4539.0000	854.0000	1485.0000	2500.0000	457.0000	1495.0000	177.8000	903.5000	1059.0000	387.8000	323.6000	1388.0000	
1409122800000.0000	413.5000	249.3000	485.4000	1205.0000	473.0000	1711.0000	3335.5000	304.2000	721.0000	2283.0000	207.6500	1945.0000	3891.0000	501.5000	439.8000	808.0000	4449.0000	896.5000	1506.0000	2536.5000	443.1000	1568.0000	184.4000	888.5000	1040.0000	382.8000	318.1000	1370.0000	
1406012400000.0000	442.3000	277.3500	498.5000	1202.5000	536.5000	1733.0000	3337.0000	313.8000	770.0000	2132.0000	195.6500	1952.0000	4109.0000	529.5000	442.6000	831.0000	4426.0000	901.0000	1541.0000	2538.0000	423.7000	1600.5000	171.5000	869.0000	1051.0000	389.1000	311.9000	1397.0000	
1415952000000.0000	422.3000	195.0000	431.8000	1046.0000	480.0000	1594.0000	3040.0000	270.1000	463.8000	2600.0000	225.3000	1988.0000	3316.0000	443.9000	469.0000	717.5000	4655.5000	873.5000	1558.0000	2295.0000	460.1000	1355.0000	179.5000	940.0000	1069.0000	374.2000	298.3000	1550.0000	
1393574400000.0000	389.1000	329.2000	504.4000	1088.5000	504.0000	1560.0020	3432.5000	342.6000	799.0000	2463.0000	249.0000	1850.0000	3857.0000	493.7010	503.5000	900.5000	4084.0000	779.5000	1403.0000	2327.0000	410.9000	1531.0000	235.3000	834.5000	1096.0000	409.8000	319.0000	1721.0000	
1404716400000.0000	442.0000	289.2000	513.7000	1257.0000	500.5000	1685.0000	3262.5000	317.1000	817.5000	2213.0000	196.8500	1968.0000	3990.0000	543.5000	433.2000	815.5000	4451.0000	892.0000	1591.0000	2542.5000	426.4000	1510.0000	179.3000	849.5000	1044.0000	386.5000	313.3000	1325.0000	
1389168000000.0000	428.7000	328.3000	492.8500	1313.0000	527.5000	1690.0000	3190.0000	360.0000	820.0000	2471.0000	134.2160	1637.0000	3622.0000	503.5010	444.9000	772.5000	3549.5000	659.5000	1346.0000	2259.0000	426.5000	1262.5000	254.2000	774.0000	1003.0000	379.1000	330.1000	1626.0000	
1392278400000.0000	423.8000	324.8500	485.2000	1066.0000	523.0000	1580.9990	3497.5000	352.0000	758.5000	2504.0000	125.9410	1750.0000	3742.0000	515.5000	484.9000	905.5000	4055.5000	745.5000	1377.0000	2280.0000	425.8000	1533.5000	236.1000	810.5000	979.5000	397.2000	316.2000	1726.0000	
1397199600000.0000	387.5000	281.0500	475.4500	1113.5000	469.6000	1494.0040	3330.5000	309.6000	827.0000	2248.0000	213.8000	1770.0000	3819.0000	500.0000	435.5000	825.0000	3780.5000	758.5000	1469.0000	2350.5000	398.6000	1537.0000	201.2000	809.5000	998.5000	358.0000	334.9000	1700.0000	
1418889600000.0000	408.1000	175.8000	402.5500	875.8000	501.0000	1513.0000	2813.0000	235.0000	397.0000	2813.0000	225.6000	2015.0000	2660.0000	446.8000	462.5000	722.0000	4572.5000	914.5000	1648.0000	2159.0000	462.0000	1167.0000	170.0000	909.0000	1032.0000	400.8000	271.9000	1644.0000	
1412060400000.0000	450.0000	186.2000	453.4500	1140.0000	451.2000	1548.0000	3031.5000	251.5000	644.5000	2464.0000	204.4000	1877.0000	3430.0000	491.8000	404.6000	721.0000	4441.5000	808.0000	1547.0000	2437.0000	471.5000	1384.0000	168.3000	888.0000	1011.0000	379.6000	307.8000	1423.0000	
1395903600000.0000	439.9000	293.3500	476.3500	1111.0000	479.5000	1499.0010	3275.0000	313.5000	759.0000	2289.0000	218.0000	1823.0000	3665.0000	480.2000	455.1000	827.5000	3910.0000	792.0000	1487.0000	2318.0000	410.5000	1487.0000	212.3000	819.0000	1042.0000	379.9000	325.2000	1711.0000	
1417593600000.0000	427.8000	188.5000	436.8500	936.4000	502.0000	1574.0000	3011.0000	240.5000	421.1000	2718.0000	227.3500	2026.0000	3037.0000	458.3000	490.9000	739.0000	4674.5000	898.5000	1652.0000	2259.0000	478.9000	1320.0000	184.1000	929.5000	1090.0000	408.3000	284.4000	1668.0000	
1400137200000.0000	429.8000	302.5500	503.0000	1259.0000	470.7000	1703.0020	3369.0000	332.8000	860.5000	2341.0000	217.0000	1901.0000	3964.0000	513.5000	461.0000	800.0000	4726.5000	840.5000	1550.0000	2564.5000	416.5000	1608.0000	205.2000	863.5000	1010.0000	362.8000	326.5000	1550.0000	
1403247600000.0000	372.5000	290.3500	518.6000	1239.5000	536.5000	1632.0000	3077.5000	316.8000	875.0000	2299.0000	191.8500	1936.0000	3803.0000	527.5000	433.7000	770.5000	4470.0000	875.0000	1579.0000	2543.5000	428.0000	1456.5000	188.7000	843.5000	1097.0000	387.8000	319.8000	1452.0000	
1390809600000.0000	368.6000	324.6000	475.8000	1082.0000	526.5000	1622.0030	3140.0000	357.4000	843.5000	2478.0000	127.1350	1700.0000	3560.0000	497.1000	472.5000	801.5000	3855.5000	713.5000	1309.0000	2240.0000	432.3000	1319.5000	245.7000	784.0000	913.0000	376.6000	317.3000	1587.0000	
1393920000000.0000	374.5000	327.9000	491.5000	1094.5000	506.5000	1569.9960	3381.5000	344.6000	785.5000	2435.0000	249.0000	1850.0000	3854.0000	495.9010	504.0000	902.5000	4080.5000	786.5000	1425.0000	2345.0000	420.4000	1502.5000	235.0000	837.0000	1095.0000	406.4000	319.2000	1731.0000	
1395730800000.0000	407.4000	293.7000	473.9500	1107.0000	470.6000	1503.9980	3283.0000	310.3000	777.0000	2343.0000	222.8000	1883.0000	3687.0000	490.2000	455.3000	818.5000	3892.0000	798.5000	1498.0000	2306.5000	411.5000	1498.0000	210.3000	818.5000	1066.0000	384.0000	332.5000	1692.0000	
1398841200000.0000	414.4000	292.9500	499.2000	1198.0000	476.7000	1577.0010	3224.5000	335.7000	880.0000	2366.0000	223.9500	1845.0000	3838.0000	496.0000	441.1000	787.0000	4664.0000	796.0000	1525.0000	2520.0000	400.0000	1582.0000	200.9000	840.5000	982.5000	368.5000	330.0000	1637.0000	
1394434800000.0000	406.0000	320.2500	484.0000	1087.5000	469.3000	1556.0050	3139.5000	337.6000	804.0000	2391.0000	230.1000	1853.0000	3644.0000	489.3010	481.5000	858.5000	3989.5000	795.5000	1424.0000	2342.5000	402.7000	1433.0000	233.7000	824.5000	1094.0000	397.1000	327.4000	1641.0000	
1409295600000.0000	380.1000	229.9500	481.6500	1201.5000	471.6000	1702.0000	3213.5000	290.3000	730.0000	2246.0000	206.7500	1945.0000	3815.0000	507.0000	429.9000	785.5000	4567.0000	877.0000	1518.0000	2545.5000	445.1000	1530.0000	177.5000	899.0000	1033.0000	387.0000	319.4000	1335.0000	
1406185200000.0000	450.0000	274.8000	503.8000	1212.0000	530.0000	1738.0000	3441.5000	317.0000	755.0000	2183.0000	197.8500	1940.0000	4166.0000	523.5000	445.7000	847.0000	4424.5000	904.0000	1480.0000	2557.5000	429.1000	1585.0000	173.6000	872.5000	1051.0000	387.9000	313.0000	1333.0000	
1401778800000.0000	366.9000	297.5000	503.2000	1227.5000	493.5000	1657.0000	3119.0000	333.8000	845.0000	2428.0000	207.5500	1968.0000	3752.0000	545.5000	446.5000	790.0000	4349.0000	868.5000	1563.0000	2470.0000	424.6000	1458.0000	194.4000	877.5000	1075.0000	397.8000	334.7000	1580.0000	
1404889200000.0000	360.3000	279.5000	508.0000	1205.5000	501.0000	1704.0000	3261.0000	309.2000	803.0000	2154.0000	191.0000	1918.0000	3960.0000	530.0000	418.0000	817.5000	4361.5000	875.5000	1560.0000	2525.5000	416.6000	1505.0000	173.4000	844.5000	1025.0000	380.6000	308.5000	1287.0000	
1389340800000.0000	422.0000	321.8000	497.0000	1319.5000	533.5000	1714.9940	3140.0000	346.0000	909.5000	2552.0000	133.4480	1672.0000	3561.0000	502.0000	468.8000	782.0000	3652.0000	659.5000	1364.0000	2308.0000	434.0000	1249.5000	236.1000	781.5000	1002.0000	383.3000	330.5000	1649.0000	
1400482800000.0000	430.8000	312.0000	509.1000	1296.5000	469.1000	1742.9970	3225.0000	345.0000	853.0000	2302.0000	217.1500	1918.0000	3884.0000	512.0000	451.0000	800.0000	4287.5000	848.0000	1568.0000	2592.0000	413.2000	1565.5000	214.0000	889.5000	1023.0000	371.1000	328.2000	1587.0000	
1412233200000.0000	431.8000	178.2000	440.1000	1053.5000	437.9000	1498.0000	2988.0000	224.8000	609.5000	2343.0000	200.6000	1814.0000	3334.0000	473.5000	388.8000	698.5000	4279.5000	784.5000	1493.0000	2364.5000	453.8000	1327.0000	158.9000	869.5000	976.5000	373.8000	301.9000	1371.0000	
1417766400000.0000	365.7000	189.6000	424.5000	907.5000	518.0000	1558.0000	2898.0000	238.3000	396.0000	2805.0000	230.6000	1991.0000	2948.0000	457.4000	496.9000	732.0000	4739.5000	900.0000	1679.0000	2230.5000	481.7000	1268.0000	184.8000	930.0000	1102.0000	420.0000	286.0000	1761.0000	
1410937200000.0000	365.7000	224.7500	471.0500	1164.0000	480.1000	1599.0000	3239.5000	283.2000	681.5000	2400.0000	200.9000	1917.0000	3634.0000	498.7000	422.4000	753.0000	4493.0000	844.0000	1497.0000	2484.5000	461.0000	1497.0000	178.0000	884.0000	1086.0000	388.4000	319.9000	1338.0000	
1407826800000.0000	421.3000	243.3500	468.9000	1156.0000	471.2000	1712.0000	3515.0000	301.0000	708.0000	2211.0000	193.5000	1894.0000	4069.0000	500.0000	423.8000	821.5000	4129.0000	846.5000	1452.0000	2495.5000	433.0000	1586.0000	165.5000	851.0000	1009.0000	374.7000	308.5000	1258.0000	
1390982400000.0000	432.2000	321.1500	476.9000	1035.0000	515.5000	1611.0000	3247.5000	348.5000	823.0000	2523.0000	128.6990	1756.0000	3607.0000	494.4000	474.3000	872.5000	3846.5000	719.0000	1307.0000	2242.5000	431.6000	1420.5000	240.0000	777.5000	928.0000	369.9000	312.7000	1603.0000	
1394092800000.0000	418.2000	324.2000	486.9000	1097.0000	479.2000	1627.9990	3310.5000	344.3000	796.0000	2375.0000	247.3000	1855.0000	3776.0000	502.0000	496.8000	915.0000	4011.0000	783.0000	1420.0000	2325.5000	413.5000	1565.0000	236.5000	830.5000	1107.0000	403.9000	322.2000	1711.0000	
1399014000000.0000	374.5000	285.5000	501.7000	1251.5000	476.9000	1644.9990	3247.0000	321.3000	884.0000	2377.0000	222.9000	1833.0000	3862.0000	504.0000	440.8000	790.5000	4808.0000	794.0000	1530.0000	2533.0000	401.1000	1565.0000	196.2000	838.5000	973.5000	377.5000	328.8000	1641.0000	
1413874800000.0000	404.0000	185.9000	433.6500	1061.5000	449.3000	1535.0000	3140.0000	250.0000	526.5000	2347.0000	193.7500	1953.0000	3379.0000	464.8000	417.9000	691.0000	4235.5000	824.0000	1530.0000	2265.5000	444.6000	1374.5000	162.1000	878.0000	1002.0000	369.8000	294.5000	1450.0000	
1410764400000.0000	443.3000	228.5000	468.3000	1153.5000	483.0000	1631.0000	3235.0000	284.2000	700.5000	2382.0000	201.5000	1966.0000	3684.0000	498.9000	426.0000	761.5000	4545.0000	857.5000	1485.0000	2480.0000	458.1000	1488.5000	176.1000	895.5000	1072.0000	387.3000	319.9000	1360.0000	
1389686400000.0000	412.0000	331.2000	491.0500	1310.5000	539.5000	1735.0010	3168.0000	360.5000	856.5000	2585.0000	134.1590	1652.0000	3563.0000	500.5010	475.6000	789.0000	3755.5000	665.0000	1349.0000	2287.5000	428.2000	1262.5000	249.8000	780.5000	1022.0000	384.8000	327.0000	1695.0000	
1394607600000.0000	402.8000	314.4000	482.6000	1069.5000	449.5000	1510.0040	3173.5000	333.2000	800.0000	2387.0000	229.5500	1831.0000	3586.0000	485.1000	473.6000	853.5000	4002.0000	804.0000	1425.0000	2324.0000	400.9000	1419.5000	233.0000	833.0000	1102.0000	402.3000	327.9000	1647.0000	
1416297600000.0000	438.0000	192.7000	437.6000	1038.5000	473.2000	1578.0000	3004.0000	265.6000	475.0000	2664.0000	228.3000	2023.0000	3320.0000	447.7000	476.6000	709.5000	4685.0000	903.0000	1583.0000	2326.5000	462.8000	1363.0000	182.1000	955.5000	1080.0000	381.2000	300.4000	1525.0000	
1401951600000.0000	383.8000	291.6500	499.7000	1240.0000	517.5000	1656.0000	3144.0000	327.5000	846.0000	2430.0000	204.0000	1968.0000	3752.0000	532.5000	452.6000	778.0000	4296.0000	883.0000	1559.0000	2443.5000	423.6000	1454.0000	192.5000	831.5000	1097.0000	398.4000	330.5000	1581.0000	
1405062000000.0000	369.7000	278.1000	503.8000	1187.0000	493.7000	1675.0000	3203.5000	315.1000	790.0000	2119.0000	189.4500	1920.0000	3922.0000	523.5000	426.7000	809.5000	4353.5000	876.5000	1547.0000	2530.0000	417.4000	1479.0000	172.7000	851.0000	1024.0000	384.5000	304.5000	1266.0000	
1392624000000.0000	364.7000	327.4000	487.7000	1084.0000	518.0000	1603.9950	3559.0000	345.2000	770.0000	2520.0000	126.5380	1793.0000	3824.0000	522.5000	494.4000	949.0000	4073.0000	757.0000	1383.0000	2295.0000	436.9000	1552.0000	236.4000	820.0000	1023.0000	404.3000	318.4000	1727.0000	
1397545200000.0000	383.1000	286.3000	473.5000	1123.0000	463.7000	1528.0020	3302.5000	319.4000	859.5000	2194.0000	210.6000	1787.0000	3798.0000	487.8000	416.6000	832.5000	3723.0000	769.5000	1495.0000	2390.0000	391.9000	1514.0000	200.8000	824.0000	963.5000	358.0000	342.4000	1608.0000	
1400655600000.0000	425.4000	303.8000	509.3000	1261.5000	470.2000	1717.0030	3189.5000	337.7000	845.0000	2378.0000	204.6000	1927.0000	3831.0000	521.5000	452.3000	771.0000	4420.0000	852.5000	1560.0000	2551.5000	411.0000	1546.5000	205.0000	882.5000	1042.0000	382.1000	328.3000	1550.0000	
1419235200000.0000	368.9000	181.0000	413.6500	886.1000	514.5000	1541.0000	2862.5000	239.6000	407.0000	2823.0000	225.2000	2038.0000	2736.0000	458.6000	480.8000	738.5000	4603.0000	930.5000	1619.0000	2245.5000	471.3000	1173.5000	176.0000	916.5000	1060.0000	411.0000	277.3000	1658.0000	
1396249200000.0000	427.1000	295.4000	480.0000	1117.5000	479.9000	1501.0000	3337.5000	316.1000	748.5000	2284.0000	220.3000	1823.0000	3688.0000	486.8000	451.5000	835.5000	3876.5000	788.0000	1469.0000	2340.5000	414.2000	1526.5000	213.0000	822.0000	1049.0000	379.5000	329.7000	1715.0000	
1411110000000.0000	424.8000	229.6000	473.3000	1166.5000	489.7000	1618.0000	3179.0000	284.3000	667.0000	2470.0000	204.6500	1941.0000	3587.0000	505.5000	435.3000	752.5000	4578.5000	847.5000	1523.0000	2505.0000	471.7000	1472.0000	182.0000	886.5000	1093.0000	397.8000	320.0000	1336.0000	
1407999600000.0000	371.8000	245.2000	472.0000	1156.5000	466.5000	1720.0000	3376.0000	308.2000	704.0000	2234.0000	196.3000	1944.0000	4051.0000	501.5000	428.0000	813.0000	4096.0000	866.0000	1482.0000	2491.5000	437.0000	1584.0000	170.7000	870.5000	1010.0000	367.9000	314.6000	1289.0000	
1406703600000.0000	365.0000	265.9000	481.7500	1180.5000	514.5000	1769.0000	3434.0000	313.8000	755.5000	2155.0000	202.2000	1944.0000	4096.0000	512.5000	434.3000	816.0000	4357.5000	894.5000	1462.0000	2489.0000	425.0000	1629.0000	171.0000	864.5000	1054.0000	387.9000	314.2000	1290.0000	
1403593200000.0000	427.1000	289.3500	523.9000	1272.0000	525.5000	1628.0000	3096.0000	315.9000	871.0000	2276.0000	190.6500	1919.0000	3843.0000	526.0000	433.8000	779.0000	4353.0000	875.5000	1581.0000	2546.0000	425.8000	1457.0000	186.8000	843.5000	1093.0000	383.5000	318.4000	1479.0000	
1391155200000.0000	441.6000	320.3500	478.0000	1022.0000	515.5000	1546.0010	3243.5000	344.9000	790.5000	2501.0000	128.8410	1727.0000	3591.0000	493.0000	470.9000	850.5000	3858.5000	716.0000	1307.0000	2225.0000	429.1000	1436.0000	239.9000	789.0000	923.0000	383.3000	311.2000	1644.0000	
1414047600000.0000	422.0000	171.0000	438.9500	1056.5000	444.0000	1555.0000	3061.5000	237.2000	505.5000	2352.0000	196.8500	1994.0000	3317.0000	467.9000	419.1000	697.5000	4334.5000	839.0000	1542.0000	2299.5000	443.7000	1340.0000	153.1000	894.0000	1012.0000	376.6000	297.0000	1451.0000	
1389859200000.0000	405.2000	333.3000	489.4500	1351.5000	541.5000	1701.0030	3334.5000	361.1000	907.5000	2597.0000	134.8980	1662.0000	3720.0000	510.5010	478.0000	832.5000	3874.0000	689.0000	1306.0000	2306.0000	441.0000	1397.5000	253.1000	780.5000	1014.0000	380.8000	319.7000	1674.0000	
1394780400000.0000	397.3000	303.7000	477.2500	1071.0000	450.0000	1511.0030	3140.5000	313.6000	777.0000	2363.0000	222.1500	1813.0000	3573.0000	483.2000	461.3000	829.5000	3913.0000	786.5000	1423.0000	2292.0000	388.1000	1423.0000	208.0000	824.5000	1070.0000	389.0000	330.5000	1615.0000	
1409641200000.0000	441.9000	230.9000	477.3000	1208.0000	476.9000	1703.0000	3236.5000	294.7000	733.0000	2266.0000	208.9000	1950.0000	3840.0000	502.5000	436.5000	791.0000	4541.0000	872.0000	1494.0000	2545.0000	455.3000	1562.0000	174.1000	902.5000	1018.0000	385.3000	324.2000	1345.0000	
1406530800000.0000	443.2000	268.5000	496.8500	1212.0000	517.5000	1757.0000	3422.5000	319.8000	764.5000	2128.0000	202.0500	1921.0000	4151.0000	515.5000	437.1000	845.5000	4361.0000	895.5000	1471.0000	2517.0000	427.1000	1633.0000	172.3000	879.0000	1060.0000	383.0000	315.2000	1344.0000	
1419580800000.0000	406.0000	186.0000	416.8500	881.2000	516.0000	1532.0000	2887.5000	244.7000	422.3000	2859.0000	225.0000	2038.0000	2738.0000	460.9000	483.9000	745.5000	4555.5000	931.0000	1629.0000	2281.0000	474.1000	1182.0000	181.7000	918.8000	1062.0000	416.7000	284.7000	1678.0000	
1416470400000.0000	360.7000	192.9000	441.3500	1046.0000	482.3000	1574.0000	2865.0000	258.1000	477.3000	2638.0000	226.8500	2066.0000	3165.0000	440.7000	474.1000	697.0000	4711.0000	910.0000	1597.0000	2353.0000	460.0000	1293.5000	183.3000	936.0000	1068.0000	375.6000	293.9000	1565.0000	
1392796800000.0000	390.0000	335.7500	495.0000	1089.0000	516.5000	1622.0030	3627.5000	348.1000	776.0000	2468.0000	127.0220	1795.0000	3930.0000	524.5000	501.0000	959.0000	3987.0000	765.5000	1399.0000	2343.0000	436.8000	1589.0000	244.0000	831.5000	1052.0000	413.0000	314.0000	1747.0000	
1397718000000.0000	433.8000	289.7000	482.0500	1134.0000	473.0000	1516.0000	3288.5000	314.0000	867.5000	2235.0000	214.1500	1782.0000	3826.0000	502.0000	434.5000	828.5000	3781.5000	769.5000	1502.0000	2393.0000	389.1000	1547.0000	201.4000	824.0000	1004.0000	369.5000	345.0000	1683.0000	
1400828400000.0000	404.0000	304.1300	506.9700	1213.4400	471.4900	1718.0020	3257.5000	343.7000	840.9600	2399.0000	206.3560	1924.0000	3894.8000	528.5000	443.2000	799.0000	4328.0000	845.9600	1548.0000	2444.5000	413.4930	1573.4200	202.7000	880.4600	1072.1000	385.5450	328.2800	1572.0000	
1419408000000.0000	422.0000	186.0000	416.8500	881.2000	516.0000	1532.0000	2887.5000	244.7000	422.3000	2859.0000	225.0000	2038.0000	2738.0000	460.9000	483.9000	745.5000	4555.5000	931.0000	1629.0000	2281.0000	474.1000	1182.0000	181.7000	918.8000	1062.0000	416.7000	284.7000	1678.0000	
1412578800000.0000	368.8000	176.7500	446.1000	1093.0000	445.7000	1548.0000	2997.0000	231.1000	608.0000	2495.0000	206.1000	1874.0000	3351.0000	482.4000	405.9000	706.5000	4365.0000	805.0000	1514.0000	2372.0000	461.6000	1348.0000	160.4000	881.0000	1006.0000	376.0000	307.1000	1467.0000	
1396422000000.0000	374.6000	292.6500	485.4000	1138.5000	480.1000	1511.0030	3377.0000	313.0000	753.0000	2318.0000	221.1500	1855.0000	3834.0000	491.3010	469.9000	856.5000	3950.0000	795.0000	1482.0000	2328.5000	413.4000	1544.0000	207.2000	823.5000	1073.0000	383.3000	328.0000	1790.0000	
1418112000000.0000	409.5000	174.9000	405.9500	898.8000	499.2000	1489.0000	2849.5000	231.6000	390.3000	2719.0000	223.6000	1940.0000	2827.0000	446.6000	476.8000	731.0000	4561.5000	872.0000	1630.0000	2154.5000	467.7000	1223.0000	176.7000	909.5000	1047.0000	408.5000	279.9000	1625.0000	
1415001600000.0000	399.7000	173.7500	443.7000	1036.0000	447.5000	1520.0000	2969.0000	244.6000	483.3000	2516.0000	206.0000	1964.0000	3221.0000	472.1000	403.9000	696.0000	4520.5000	837.0000	1567.0000	2282.0000	457.7000	1316.0000	155.1000	914.5000	1044.0000	367.3000	295.5000	1540.0000	
1406876400000.0000	443.5000	253.6000	482.9500	1208.5000	505.5000	1720.0000	3354.5000	310.9000	729.0000	2146.0000	196.4500	1877.0000	4023.0000	501.0000	427.5000	809.5000	4338.5000	856.0000	1438.0000	2529.0000	426.1000	1580.0000	169.4000	840.0000	1031.0000	381.8000	306.8000	1298.0000	
1403766000000.0000	367.0000	285.2000	515.5000	1274.5000	510.0000	1633.0000	3135.5000	313.5000	844.5000	2212.0000	194.2500	1902.0000	3800.0000	527.5000	426.1000	763.5000	4345.5000	875.5000	1568.0000	2526.5000	425.0000	1428.0000	181.6000	841.5000	1082.0000	386.0000	313.2000	1474.0000	
1399359600000.0000	413.1000	287.8000	501.0000	1266.0000	481.0000	1627.0000	3215.0000	333.4000	898.0000	2399.0000	223.9000	1837.0000	3824.0000	497.9010	437.0000	783.5000	4677.5000	804.0000	1531.0000	2522.5000	397.4000	1542.5000	202.0000	840.0000	985.0000	378.0000	324.2000	1667.0000	
1402470000000.0000	423.8000	295.0000	506.0000	1234.0000	524.0000	1657.0000	3156.5000	333.0000	844.0000	2453.0000	199.4000	1981.0000	3785.0000	527.5000	458.0000	769.5000	4400.0000	890.5000	1557.0000	2467.0000	425.8000	1464.5000	195.5000	831.0000	1067.0000	393.9000	330.1000	1530.0000	
1398063600000.0000	440.9000	289.7000	482.0500	1134.0000	473.0000	1516.0000	3288.5000	314.0000	867.5000	2235.0000	214.1500	1782.0000	3826.0000	502.0000	434.5000	828.5000	3781.5000	769.5000	1502.0000	2393.0000	389.1000	1547.0000	201.4000	824.0000	1004.0000	369.5000	345.0000	1683.0000	
1409814000000.0000	391.0000	229.4500	455.0000	1233.0000	477.8000	1697.0000	3241.5000	295.2000	725.0000	2358.0000	209.4000	1980.0000	3810.0000	504.0000	441.1000	792.5000	4556.5000	879.0000	1503.0000	2559.0000	455.4000	1593.5000	173.8000	911.0000	1052.0000	390.0000	323.4000	1383.0000	
1402297200000.0000	374.0000	294.1000	505.6000	1251.0000	524.0000	1679.0000	3172.5000	328.6000	844.0000	2479.0000	207.9500	1994.0000	3808.0000	530.5000	454.1000	781.0000	4327.0000	893.5000	1570.0000	2469.5000	430.6000	1471.5000	194.6000	839.0000	1119.0000	406.1000	333.9000	1608.0000	
1405407600000.0000	437.6000	281.9500	500.3000	1185.0000	490.1000	1677.0000	3244.5000	319.5000	790.0000	2136.0000	194.0000	1922.0000	3984.0000	537.0000	427.1000	810.0000	4384.5000	885.0000	1542.0000	2522.0000	416.4000	1514.0000	176.8000	854.0000	1032.0000	386.3000	308.8000	1277.0000	
1415347200000.0000	407.7000	184.4500	441.3000	1049.5000	476.2000	1529.0000	3039.0000	261.6000	506.5000	2498.0000	206.9500	1960.0000	3352.0000	484.5000	466.2000	703.5000	4597.0000	855.5000	1569.0000	2326.0000	456.7000	1364.5000	168.4000	919.0000	1058.0000	373.5000	302.2000	1535.0000	
1392969600000.0000	421.2000	335.1500	501.7000	1102.0000	510.5000	1628.9990	3601.0000	350.1000	784.0000	2457.0000	134.5000	1809.0000	3940.0000	511.0000	501.0000	955.0000	4027.5000	776.5000	1425.0000	2375.0000	411.3000	1560.5000	240.9000	833.5000	1048.0000	413.3000	320.8000	1744.0000	
1412751600000.0000	437.9000	185.1000	440.1500	1063.0000	438.9000	1477.0000	2989.0000	226.7000	576.0000	2299.0000	204.3000	1850.0000	3314.0000	484.4000	402.6000	675.0000	4261.0000	801.5000	1522.0000	2369.0000	451.8000	1338.0000	160.1000	877.0000	967.0000	372.4000	303.4000	1378.0000	
1388563200000.0000	391.9000	334.3500	488.0500	1297.5000	527.5000	1708.9980	3409.5000	365.0000	855.0000	2501.0000	134.7850	1705.0000	3738.0000	530.5000	432.6000	824.0000	3574.5000	671.5000	1370.0000	2280.0000	435.0000	1320.0000	261.0000	788.0000	1046.0000	379.4000	347.7000	1536.0000	
1391673600000.0000	374.7000	323.4000	482.1500	1086.5000	504.5000	1563.0000	3338.5000	353.6000	862.5000	2535.0000	127.3340	1768.0000	3565.0000	498.8000	472.7000	875.5000	3815.5000	725.5000	1348.0000	2223.5000	426.3000	1459.5000	237.5000	788.5000	946.0000	388.8000	313.0000	1703.0000	
1396594800000.0000	428.8000	287.4000	490.0500	1136.0000	479.6000	1532.0000	3380.5000	311.0000	800.0000	2370.0000	219.8000	1829.0000	3922.0000	502.0000	461.9000	863.0000	3923.0000	793.5000	1475.0000	2359.5000	410.7000	1565.0000	204.8000	820.5000	1083.0000	381.3000	328.5000	1827.0000	
1411455600000.0000	440.6000	194.5000	466.0500	1144.5000	473.9000	1569.0000	3108.0000	263.8000	658.5000	2443.0000	198.6500	1882.0000	3483.0000	501.0000	420.8000	729.0000	4414.0000	814.0000	1509.0000	2463.0000	466.7000	1428.5000	174.6000	881.0000	1046.0000	387.6000	314.4000	1296.0000	
1408345200000.0000	427.9000	247.9500	474.0000	1180.0000	468.9000	1749.0000	3412.0000	312.4000	710.5000	2279.0000	200.0000	1948.0000	4134.0000	499.1000	431.2000	811.0000	4201.5000	874.0000	1493.0000	2514.0000	438.8000	1599.0000	175.0000	877.0000	1014.0000	372.1000	314.5000	1301.0000	
1418284800000.0000	424.7000	171.3000	398.8000	843.7000	491.4000	1445.0000	2748.0000	226.3000	372.8000	2789.0000	222.9500	1915.0000	2722.0000	454.5000	477.5000	713.5000	4688.0000	872.0000	1620.0000	2102.0000	454.9000	1173.0000	174.8000	900.5000	1067.0000	411.1000	274.4000	1668.0000	
1415174400000.0000	372.3000	175.7500	440.1500	1015.5000	473.2000	1489.0000	2988.0000	247.3000	489.5000	2506.0000	208.5000	1965.0000	3239.0000	481.9000	444.1000	698.0000	4620.0000	865.5000	1581.0000	2259.0000	454.8000	1329.5000	162.4000	925.0000	1066.0000	371.3000	300.2000	1570.0000	
1391500800000.0000	410.5000	314.0000	473.8000	1051.5000	507.0000	1574.0030	3240.0000	347.3000	793.5000	2479.0000	124.2920	1730.0000	3532.0000	497.1000	464.0000	860.5000	3851.0000	713.5000	1329.0000	2196.5000	415.8000	1436.5000	234.9000	782.5000	926.0000	384.6000	309.3000	1660.0000	
1399532400000.0000	343.8000	295.0000	501.3000	1275.0000	475.3000	1649.9960	3205.0000	331.2000	895.0000	2403.0000	226.9500	1863.0000	3826.0000	496.9010	449.4000	779.5000	4713.0000	819.0000	1532.0000	2568.0000	405.6000	1589.0000	198.9000	845.5000	1013.0000	387.6000	320.4000	1715.0000	
1402642800000.0000	412.0000	292.0000	507.5000	1266.5000	524.5000	1607.0000	3017.5000	322.8000	841.5000	2354.0000	195.0000	1974.0000	3700.0000	525.0000	442.1000	746.5000	4385.0000	893.0000	1569.0000	2483.0000	426.1000	1410.0000	192.3000	835.0000	1058.0000	394.3000	326.3000	1457.0000	
1414393200000.0000	391.2000	169.1000	430.2500	1043.0000	439.0000	1499.0000	2987.0000	240.4000	485.1000	2363.0000	197.7000	1992.0000	3222.0000	464.7000	407.9000	678.5000	4367.0000	840.0000	1543.0000	2278.5000	442.4000	1296.5000	151.7000	894.0000	987.0000	369.3000	293.4000	1441.0000	
1390204800000.0000	369.6000	329.6000	494.3000	1348.0000	541.0000	1729.9950	3336.0000	366.0000	901.0000	2581.0000	136.4620	1651.0000	3773.0000	512.5000	482.5000	845.0000	3920.0000	690.0000	1329.0000	2280.5000	444.1000	1393.0000	254.9000	793.0000	1001.0000	379.5000	321.7000	1673.0000	
1395126000000.0000	356.9000	300.2500	477.0000	1086.0000	465.3000	1530.0010	3190.0000	313.9000	781.0000	2433.0000	226.6000	1853.0000	3632.0000	489.5000	467.4000	828.5000	3978.5000	799.5000	1440.0000	2302.5000	407.8000	1467.5000	209.6000	828.5000	1080.0000	393.3000	334.1000	1625.0000	
1398236400000.0000	398.0000	297.3500	485.8500	1134.0000	473.9000	1538.9960	3249.0000	319.8000	862.0000	2293.0000	214.8500	1800.0000	3840.0000	505.0000	440.2000	796.5000	4042.5000	775.5000	1497.0000	2400.0000	395.4000	1547.0000	196.7000	823.0000	996.5000	372.0000	330.6000	1686.0000	
1419926400000.0000	395.4000	186.9000	409.3000	868.6000	510.0000	1493.0000	2993.5000	244.6000	415.4000	2912.0000	221.0500	1991.0000	2780.0000	454.9000	477.5000	755.0000	4542.5000	910.0000	1627.0000	2239.0000	469.8000	1203.5000	182.5000	910.0000	1052.0000	402.4000	278.5000	1664.0000	
1416816000000.0000	426.8000	193.4000	447.2000	1062.0000	485.5000	1605.0000	2976.5000	252.3000	503.0000	2664.0000	225.0500	2062.0000	3242.0000	444.2000	476.1000	725.5000	4711.0000	910.0000	1578.0000	2379.0000	465.2000	1354.0000	187.0000	940.5000	1085.0000	394.1000	285.8000	1546.0000	
1405580400000.0000	440.0000	284.7500	496.8000	1187.5000	546.5000	1707.0000	3315.0000	325.7000	775.0000	2120.0000	195.2500	1886.0000	4018.0000	520.5000	433.2000	812.0000	4314.5000	882.0000	1523.0000	2526.5000	418.5000	1539.0000	179.3000	858.0000	1036.0000	382.8000	307.4000	1341.0000	
1401174000000.0000	426.0000	302.8000	504.2000	1219.5000	476.5000	1739.9980	3236.0000	339.0000	846.5000	2417.0000	208.1500	1899.0000	3895.0000	528.5000	450.7000	795.0000	4252.0000	858.5000	1548.0000	2435.5000	416.0000	1557.0000	200.0000	889.5000	1085.0000	392.0000	329.0000	1588.0000	
1412924400000.0000	337.6000	185.2500	428.1500	1025.0000	428.3000	1454.0000	2965.0000	228.8000	526.0000	2207.0000	193.9000	1887.0000	3227.0000	468.0000	387.1000	661.5000	4300.0000	791.5000	1494.0000	2258.0000	444.7000	1325.5000	154.4000	870.5000	956.5000	369.5000	293.4000	1348.0000	
1388736000000.0000	365.5000	330.5000	487.9000	1297.0000	537.0000	1705.0000	3370.0000	374.0000	855.5000	2480.0000	134.0450	1710.0000	3715.0000	517.0000	444.0000	821.0000	3585.5000	675.0000	1351.0000	2270.5000	432.2000	1297.0000	258.2000	790.5000	1026.0000	381.8000	344.9000	1565.0000	
1411628400000.0000	417.5000	192.5000	451.8000	1138.5000	457.5000	1559.0000	3105.0000	258.0000	654.5000	2475.0000	204.7500	1867.0000	3492.0000	495.3000	422.7000	727.0000	4374.0000	809.0000	1526.0000	2427.5000	462.8000	1407.0000	174.1000	877.5000	1023.0000	383.2000	306.6000	1350.0000	
1408518000000.0000	418.0000	246.9000	481.0000	1184.5000	469.6000	1742.0000	3458.0000	306.9000	715.0000	2275.0000	201.1500	1959.0000	3958.0000	490.2000	434.7000	819.0000	4285.0000	890.0000	1517.0000	2512.0000	439.3000	1594.0000	174.8000	887.0000	1004.0000	375.6000	316.7000	1339.0000	
1407222000000.0000	447.9000	251.1000	482.3000	1203.5000	479.7000	1740.0000	3351.0000	307.3000	725.5000	2090.0000	195.7500	1877.0000	4027.0000	507.0000	424.6000	811.5000	4345.5000	855.5000	1447.0000	2567.0000	426.6000	1574.0000	168.2000	850.0000	1030.0000	378.4000	308.2000	1255.0000	
1404111600000.0000	397.3000	284.2000	514.9000	1235.0000	506.0000	1650.0000	3108.5000	315.5000	853.5000	2208.0000	195.0000	1932.0000	3779.0000	535.0000	425.2000	763.0000	4340.5000	882.0000	1567.0000	2542.5000	432.9000	1430.0000	183.4000	840.0000	1062.0000	384.9000	312.6000	1365.0000	
1414566000000.0000	410.2000	173.3500	445.3000	1044.5000	442.3000	1516.0000	2986.5000	250.6000	494.0000	2423.0000	205.3000	1994.0000	3260.0000	474.9000	404.0000	704.0000	4444.0000	847.0000	1561.0000	2313.5000	446.1000	1352.5000	156.5000	903.0000	1013.0000	375.5000	299.0000	1456.0000	
1390377600000.0000	433.0000	330.0000	493.6000	1312.5000	537.0000	1724.9980	3246.0000	365.1000	898.0000	2568.0000	135.0400	1676.0000	3668.0000	503.5010	480.9000	819.5000	3934.0000	703.0000	1317.0000	2287.0000	434.0000	1366.5000	248.4000	798.0000	969.0000	384.1000	322.5000	1743.0000	
1395298800000.0000	422.9000	292.5000	468.2500	1065.0000	469.5000	1511.0030	3157.0000	306.9000	780.0000	2450.0000	226.8000	1852.0000	3586.0000	489.8000	471.2000	794.0000	3942.0000	790.0000	1486.0000	2288.0000	417.1000	1411.5000	208.3000	818.0000	1051.0000	391.5000	331.1000	1608.0000	
1398409200000.0000	373.1000	299.4000	493.5000	1145.0000	475.6000	1566.9980	3278.5000	322.1000	839.5000	2313.0000	217.3500	1794.0000	3848.0000	502.5010	437.7000	790.0000	4080.0000	777.5000	1494.0000	2401.5000	401.9000	1533.0000	196.4000	823.5000	978.5000	372.7000	332.7000	1661.0000	
1413270000000.0000	437.6000	179.8000	426.6500	1025.0000	434.9000	1477.0000	3163.5000	227.7000	518.5000	2213.0000	193.9000	1919.0000	3373.0000	459.9000	391.3000	679.5000	4406.5000	825.5000	1504.0000	2256.5000	448.6000	1423.0000	156.5000	879.0000	976.5000	369.5000	293.8000	1362.0000	
1410159600000.0000	355.8000	232.9000	468.7000	1208.0000	471.0000	1679.0000	3216.0000	291.6000	723.0000	2388.0000	205.4500	1976.0000	3782.0000	497.1000	428.1000	791.0000	4572.0000	866.0000	1477.0000	2540.5000	450.7000	1543.5000	170.0000	914.5000	1063.0000	387.3000	324.1000	1377.0000	
1416988800000.0000	393.6000	187.2000	437.9000	1049.5000	491.8000	1591.0000	3002.0000	239.0000	501.0000	2639.0000	225.6500	2049.0000	3211.0000	454.0000	480.5000	761.0000	4660.0000	908.5000	1609.0000	2366.5000	473.8000	1347.5000	180.9000	937.0000	1070.0000	404.4000	286.2000	1545.0000	
1415692800000.0000	441.6000	194.9500	433.7500	1035.5000	482.6000	1558.0000	2986.0000	269.1000	482.2000	2556.0000	219.0500	1995.0000	3310.0000	485.3000	476.2000	711.5000	4657.5000	883.0000	1580.0000	2317.5000	462.5000	1342.0000	174.0000	940.0000	1076.0000	368.9000	302.7000	1587.0000	
1393315200000.0000	385.6000	335.2000	508.0000	1097.5000	508.0000	1643.0000	3439.0000	350.1000	778.0000	2502.0000	246.9500	1832.0000	3857.0000	505.5010	511.0000	914.5000	4095.0000	788.5000	1434.0000	2357.5000	410.9000	1500.5000	239.6000	836.5000	1051.0000	415.1000	320.1000	1771.0000	
1401346800000.0000	398.6000	305.0000	505.6000	1224.5000	483.2000	1671.0000	3188.5000	340.6000	846.0000	2399.0000	209.5000	1941.0000	3881.0000	533.5000	442.8000	804.5000	4288.0000	860.5000	1553.0000	2450.5000	422.3000	1545.0000	202.2000	887.0000	1083.0000	397.0000	336.3000	1548.0000	
1404457200000.0000	412.4000	290.8500	519.2000	1273.0000	504.0000	1700.0000	3287.0000	321.6000	844.0000	2228.0000	198.3500	1973.0000	4022.0000	547.5000	436.3000	827.0000	4417.5000	893.0000	1589.0000	2554.0000	429.4000	1521.0000	183.9000	850.5000	1059.0000	388.0000	314.7000	1361.0000	
1392019200000.0000	335.0000	323.7000	482.0500	1060.5000	524.0000	1568.9970	3382.0000	356.2000	840.5000	2537.0000	126.2540	1767.0000	3630.0000	506.0000	470.3000	897.5000	3915.0000	738.5000	1351.0000	2237.0000	430.8000	1501.0000	240.3000	800.5000	967.0000	392.0000	308.9000	1709.0000	
1396940400000.0000	360.2000	287.8500	477.2000	1128.5000	466.6000	1511.0030	3426.5000	308.5000	819.5000	2336.0000	215.0000	1795.0000	3880.0000	494.3010	453.3000	870.5000	3810.5000	770.0000	1480.0000	2348.5000	401.2000	1577.0000	203.0000	816.5000	1007.0000	361.9000	336.0000	1750.0000	
1408690800000.0000	444.7000	248.0000	485.1000	1188.0000	466.7000	1734.0000	3392.5000	306.5000	705.0000	2291.0000	205.8500	1933.0000	3888.0000	489.1000	436.4000	808.0000	4418.0000	896.0000	1497.0000	2499.0000	439.1000	1556.5000	177.7000	885.0000	1007.0000	379.9000	316.6000	1319.0000	
1418630400000.0000	372.5000	164.8000	373.2500	795.1000	472.9000	1405.0000	2616.5000	229.3000	358.8000	2717.0000	213.2000	1913.0000	2552.0000	437.8000	459.8000	686.0000	4450.5000	896.0000	1587.0000	1989.0000	435.0000	1098.5000	168.3000	860.5000	1006.0000	398.0000	262.1000	1594.0000	
1407394800000.0000	366.4000	243.8000	469.1000	1182.0000	478.1000	1708.0000	3373.0000	298.9000	727.5000	2177.0000	195.9500	1867.0000	3986.0000	501.0000	418.8000	806.5000	4189.0000	843.0000	1461.0000	2529.5000	420.9000	1528.5000	167.3000	847.5000	1010.0000	379.1000	309.3000	1239.0000	
1404284400000.0000	412.4000	284.9500	519.8000	1272.5000	502.5000	1656.0000	3239.5000	314.3000	849.5000	2202.0000	194.5500	1958.0000	3918.0000	538.5000	432.0000	781.5000	4418.5000	891.5000	1595.0000	2559.5000	424.7000	1485.0000	179.6000	857.0000	1065.0000	390.8000	315.5000	1325.0000	
1399878000000.0000	445.0000	293.9500	501.3000	1265.0000	479.1000	1660.9980	3340.0000	336.0000	897.5000	2429.0000	224.4500	1885.0000	3896.0000	502.5010	458.5000	796.0000	4610.0000	839.5000	1508.0000	2570.5000	407.8000	1641.5000	197.2000	851.5000	1040.0000	374.3000	318.0000	1730.0000	
1402988400000.0000	413.7000	290.0500	506.1000	1260.0000	525.0000	1618.0000	3049.0000	321.9000	872.0000	2292.0000	195.2500	1969.0000	3705.0000	526.0000	435.3000	755.5000	4366.0000	886.0000	1561.0000	2489.0000	417.5000	1422.0000	192.6000	839.0000	1057.0000	382.7000	323.1000	1446.0000	
1414738800000.0000	438.0000	173.6000	449.0000	1040.0000	451.1000	1522.0000	2971.5000	245.5000	485.8000	2488.0000	207.3000	1996.0000	3221.0000	476.0000	406.7000	702.5000	4543.5000	854.5000	1599.0000	2312.5000	458.7000	1316.5000	154.8000	926.0000	1053.0000	367.5000	302.5000	1500.0000	
1390550400000.0000	432.7000	326.6500	486.6500	1255.0000	526.0000	1625.0010	3143.0000	362.1000	860.0000	2486.0000	132.2540	1678.0000	3583.0000	500.0000	479.3000	807.0000	3891.0000	700.5000	1315.0000	2272.0000	430.0000	1340.0000	245.1000	790.0000	936.0000	380.2000	321.8000	1625.0000	
1413442800000.0000	407.7000	172.0000	420.0000	1030.0000	436.5000	1475.0000	3083.0000	233.0000	483.9000	2194.0000	184.5000	1872.0000	3317.0000	454.2000	405.5000	679.0000	4225.0000	805.5000	1492.0000	2160.0000	439.9000	1366.5000	156.5000	864.5000	956.0000	361.5000	288.4000	1403.0000	
1410332400000.0000	388.2000	231.9000	471.6000	1191.5000	485.3000	1659.0000	3215.0000	289.1000	720.0000	2376.0000	205.0500	1965.0000	3724.0000	499.7000	431.0000	779.0000	4597.0000	858.5000	1445.0000	2524.0000	455.0000	1514.5000	176.6000	902.5000	1058.0000	390.1000	324.7000	1381.0000	
1417161600000.0000	430.6000	186.4500	420.2000	900.2000	503.0000	1533.0000	2992.5000	233.4000	426.0000	2820.0000	233.9500	2043.0000	3034.0000	452.4000	488.5000	737.0000	4780.0000	905.5000	1640.0000	2223.0000	481.1000	1321.5000	178.5000	930.0000	1095.0000	410.2000	284.6000	1653.0000	
1409036400000.0000	432.6000	252.1000	485.7500	1200.5000	470.0000	1730.0000	3357.5000	312.3000	712.5000	2300.0000	205.8500	1948.0000	3887.0000	499.3000	442.4000	798.5000	4467.5000	908.0000	1509.0000	2532.0000	441.0000	1577.0000	181.8000	892.0000	1028.0000	382.3000	318.5000	1354.0000	
1405926000000.0000	385.6000	288.6500	492.0500	1171.5000	530.5000	1694.0000	3289.5000	318.3000	769.5000	2098.0000	194.4000	1943.0000	4026.0000	523.0000	439.1000	815.5000	4390.0000	890.5000	1529.0000	2518.0000	420.0000	1545.5000	173.7000	866.5000	1034.0000	382.4000	312.8000	1345.0000	
1415865600000.0000	437.8000	191.1500	429.9500	1028.5000	479.8000	1542.0000	3044.5000	265.1000	464.0000	2606.0000	225.7000	1989.0000	3326.0000	451.1000	472.5000	717.5000	4732.0000	876.5000	1559.0000	2273.0000	460.2000	1361.0000	176.8000	941.5000	1068.0000	368.9000	300.6000	1540.0000	
1393488000000.0000	429.1000	331.2500	503.3000	1088.5000	502.5000	1629.9980	3459.0000	347.7000	764.5000	2508.0000	246.8500	1854.0000	3852.0000	495.2000	502.5000	921.5000	4103.0000	780.0000	1425.0000	2336.5000	411.1000	1511.5000	237.0000	834.5000	1035.0000	411.3000	318.1000	1721.0000	
1389081600000.0000	428.2000	331.7500	494.0000	1318.5000	532.0000	1739.9980	3215.0000	368.9000	843.0000	2503.0000	135.2960	1667.0000	3657.0000	505.5010	441.1000	780.5000	3562.5000	666.0000	1358.0000	2269.0000	426.4000	1276.5000	253.6000	783.0000	1013.0000	384.0000	337.4000	1605.0000	
1392192000000.0000	360.1000	323.3500	487.0500	1075.5000	532.5000	1584.9970	3510.0000	350.8000	792.5000	2522.0000	125.6850	1779.0000	3725.0000	508.0000	489.4000	927.5000	4002.5000	742.5000	1360.0000	2259.0000	439.5000	1541.0000	237.8000	809.5000	988.0000	396.2000	314.4000	1734.0000	
1397113200000.0000	372.4000	284.0500	484.0000	1113.0000	476.0000	1532.9990	3382.5000	309.6000	843.0000	2300.0000	217.8500	1801.0000	3862.0000	504.5010	442.0000	829.5000	3837.0000	766.0000	1472.0000	2361.0000	405.5000	1548.5000	197.3000	818.5000	1020.0000	359.9000	333.7000	1761.0000	
1400223600000.0000	367.4000	310.4500	507.1000	1283.5000	462.4000	1699.0040	3286.5000	347.7000	845.0000	2295.0000	217.1500	1909.0000	3906.0000	513.5000	455.5000	790.5000	4823.5000	837.5000	1567.0000	2572.0000	414.6000	1561.5000	212.9000	876.5000	995.0000	366.4000	328.9000	1516.0000	
1411974000000.0000	380.2000	187.8000	456.3500	1145.5000	455.0000	1576.0000	3051.0000	247.3000	656.0000	2477.0000	206.7500	1877.0000	3441.0000	496.5000	415.4000	718.5000	4446.0000	811.0000	1539.0000	2449.0000	470.2000	1384.0000	169.7000	886.5000	1024.0000	382.0000	306.8000	1381.0000	
1418803200000.0000	412.3000	168.1500	397.5500	854.7000	484.0000	1466.0000	2801.5000	229.6000	395.1000	2801.0000	219.6500	1969.0000	2655.0000	438.8000	457.8000	716.5000	4449.0000	918.0000	1615.0000	2155.5000	450.1000	1157.0000	167.0000	886.5000	1004.0000	401.8000	266.5000	1604.0000	
1417507200000.0000	411.3000	187.3000	433.8500	935.5000	504.5000	1579.0000	2977.0000	241.2000	424.7000	2729.0000	229.9500	2043.0000	3032.0000	457.4000	491.8000	741.0000	4684.0000	899.5000	1650.0000	2292.0000	479.4000	1306.5000	182.9000	934.5000	1094.0000	417.9000	285.1000	1628.0000	
1400050800000.0000	439.8000	296.3000	503.5000	1252.0000	482.4000	1702.0020	3374.0000	327.7000	883.5000	2390.0000	222.1000	1900.0000	3990.0000	511.5010	464.9000	795.0000	4654.0000	836.0000	1536.0000	2562.5000	411.8000	1641.5000	196.3000	861.0000	1044.0000	373.6000	327.1000	1662.0000	
1403161200000.0000	382.6000	290.9000	515.7000	1260.0000	532.5000	1604.0000	3080.0000	321.3000	871.5000	2269.0000	194.8500	1949.0000	3786.0000	527.5000	439.5000	765.0000	4444.0000	870.5000	1575.0000	2541.5000	424.2000	1451.5000	190.5000	844.5000	1095.0000	392.5000	321.4000	1425.0000	
1393833600000.0000	437.3000	322.6500	492.9000	1084.0000	494.9000	1546.0010	3350.5000	337.2000	788.5000	2382.0000	243.5500	1826.0000	3810.0000	487.4000	499.9000	882.5000	3994.0000	780.0000	1396.0000	2306.0000	409.5000	1478.5000	230.5000	826.5000	1074.0000	402.3000	313.3000	1675.0000	
1395644400000.0000	444.3000	293.3500	468.5000	1082.5000	467.6000	1491.9960	3189.0000	310.4000	761.0000	2456.0000	222.1500	1871.0000	3604.0000	489.8000	454.0000	797.0000	3866.0000	796.5000	1475.0000	2287.5000	403.5000	1440.0000	212.2000	814.0000	1045.0000	383.1000	331.5000	1632.0000	
1398754800000.0000	360.5000	303.3000	502.6000	1180.5000	472.0000	1574.0030	3220.0000	333.2000	865.5000	2370.0000	223.0500	1824.0000	3837.0000	500.5010	439.3000	781.0000	4632.5000	792.5000	1530.0000	2431.0000	399.2000	1542.5000	200.8000	840.0000	972.5000	374.0000	335.0000	1663.0000	
1410505200000.0000	418.0000	228.6500	470.1500	1178.5000	485.4000	1624.0000	3205.0000	287.1000	706.5000	2383.0000	203.6500	1946.0000	3697.0000	496.3000	425.0000	764.0000	4522.0000	849.0000	1490.0000	2482.0000	459.0000	1483.0000	176.5000	897.5000	1063.0000	389.4000	322.0000	1395.0000	
1409209200000.0000	435.1000	246.3000	482.3500	1195.0000	470.2000	1716.0000	3209.0000	303.5000	731.0000	2235.0000	207.3500	1953.0000	3782.0000	506.0000	438.1000	790.0000	4479.5000	889.0000	1508.0000	2543.0000	442.8000	1512.5000	186.9000	896.5000	1031.0000	388.0000	319.1000	1353.0000	
1406098800000.0000	442.7000	276.0000	500.8000	1205.0000	534.5000	1746.0000	3391.0000	313.0000	761.0000	2133.0000	197.0000	1950.0000	4133.0000	529.0000	449.3000	834.0000	4421.0000	901.5000	1498.0000	2547.5000	425.1000	1597.0000	173.1000	873.0000	1034.0000	389.2000	310.9000	1403.0000	
1401692400000.0000	434.4000	300.5500	504.9000	1230.0000	490.3000	1662.0000	3120.0000	339.1000	849.0000	2420.0000	208.9500	1977.0000	3774.0000	542.5000	450.3000	797.5000	4370.5000	877.0000	1570.0000	2448.5000	428.0000	1491.5000	198.6000	896.0000	1077.0000	399.6000	336.8000	1559.0000	
1404802800000.0000	349.2000	283.0500	510.7000	1223.5000	501.0000	1694.0000	3258.5000	309.0000	800.5000	2181.0000	191.0500	1956.0000	3951.0000	537.5000	427.4000	811.5000	4362.0000	892.0000	1582.0000	2528.5000	420.0000	1500.5000	174.8000	850.0000	1031.0000	379.8000	311.4000	1248.0000	
1389254400000.0000	421.3000	324.3500	495.3000	1308.0000	528.0000	1677.9980	3115.0000	351.4000	845.0000	2471.0000	134.0450	1643.0000	3544.0000	500.0000	460.9000	768.5000	3572.5000	658.5000	1347.0000	2264.5000	429.9000	1226.5000	234.5000	775.0000	980.5000	384.0000	330.2000	1646.0000	
1392364800000.0000	429.5000	324.6500	486.4000	1072.0000	518.5000	1590.0030	3516.0000	345.2000	768.5000	2507.0000	124.2070	1772.0000	3777.0000	519.0000	490.0000	938.5000	4055.0000	753.0000	1389.0000	2281.0000	431.9000	1519.5000	233.8000	812.5000	1028.0000	396.5000	318.2000	1713.0000	
1418976000000.0000	365.2000	185.4000	413.0000	901.3000	511.5000	1537.0000	2872.0000	239.8000	424.2000	2810.0000	225.0000	2016.0000	2755.0000	454.3000	476.0000	744.5000	4565.0000	922.0000	1624.0000	2222.5000	462.7000	1193.0000	176.2000	912.0000	1059.0000	404.8000	272.7000	1652.0000	
1412146800000.0000	421.2000	180.2000	452.7500	1093.0000	444.7000	1528.0000	3020.0000	234.0000	631.0000	2415.0000	203.8500	1853.0000	3381.0000	483.5000	398.9000	702.0000	4360.5000	799.5000	1523.0000	2418.5000	463.2000	1363.5000	159.9000	886.0000	1012.0000	379.5000	305.8000	1396.0000	
1395990000000.0000	373.0000	297.8000	484.1500	1111.5000	477.6000	1503.9980	3279.5000	317.1000	760.0000	2290.0000	219.1000	1829.0000	3704.0000	490.1000	453.7000	841.5000	3937.5000	796.5000	1511.0000	2339.5000	407.4000	1509.0000	214.9000	830.0000	1026.0000	374.1000	328.6000	1711.0000	
1417680000000.0000	409.8000	186.0500	426.9000	923.2000	501.5000	1569.0000	2933.5000	233.4000	408.9000	2730.0000	223.6500	1962.0000	3000.0000	453.9000	491.5000	732.5000	4699.0000	891.0000	1659.0000	2229.0000	480.7000	1283.5000	182.5000	927.5000	1092.0000	411.5000	283.8000	1716.0000	
1407740400000.0000	-5.0000	246.3000	469.0000	1161.0000	471.0000	1720.0000	3502.0000	302.9000	712.0000	2191.0000	193.5000	1886.0000	4088.0000	506.0000	422.9000	823.0000	4140.5000	844.5000	1462.0000	2524.5000	428.6000	1602.5000	166.8000	854.0000	1025.0000	374.4000	307.8000	1258.0000	
1390896000000.0000	-5.0000	320.2500	476.9000	1053.5000	526.0000	1625.0010	3213.0000	356.7000	829.5000	2548.0000	126.9930	1778.0000	3604.0000	499.0000	473.5000	822.5000	3865.0000	737.0000	1310.0000	2231.5000	437.3000	1343.5000	243.1000	782.5000	922.0000	377.2000	314.1000	1616.0000	
1394006400000.0000	-5.0000	327.5000	486.0000	1097.5000	486.6000	1573.0040	3269.0000	345.9000	777.0000	2392.0000	246.2500	1862.0000	3766.0000	495.3010	503.0000	911.5000	4039.5000	793.0000	1424.0000	2337.5000	417.6000	1520.0000	236.2000	835.5000	1090.0000	402.6000	322.3000	1739.0000	
1395817200000.0000	-5.0000	294.3500	476.2000	1103.5000	480.5000	1518.9980	3304.0000	312.9000	777.0000	2338.0000	223.1500	1856.0000	3662.0000	490.4000	459.2000	834.0000	3910.0000	799.0000	1518.0000	2308.5000	411.1000	1489.0000	211.3000	816.5000	1077.0000	378.3000	323.1000	1723.0000	
1398927600000.0000	-5.0000	286.5500	498.0500	1237.5000	476.7000	1644.9990	3200.0000	325.1000	880.5000	2357.0000	220.6500	1848.0000	3792.0000	510.0000	444.0000	776.0000	4815.0000	794.0000	1529.0000	2504.5000	401.2000	1564.5000	197.5000	836.5000	982.5000	377.1000	330.0000	1653.0000	
1413788400000.0000	-5.0000	179.3000	421.9000	1024.5000	438.6000	1495.0000	3079.0000	242.7000	508.5000	2246.0000	189.5500	1916.0000	3318.0000	457.8000	407.2000	680.5000	4169.5000	824.5000	1512.0000	2189.0000	440.8000	1364.5000	159.8000	872.5000	973.5000	363.2000	292.5000	1431.0000	
1389600000000.0000	-5.0000	326.5500	495.8000	1315.0000	535.0000	1714.0050	3177.0000	351.2000	878.0000	2599.0000	132.9360	1655.0000	3594.0000	503.5010	474.4000	784.0000	3663.5000	659.5000	1344.0000	2303.0000	429.7000	1273.0000	251.3000	777.0000	1024.0000	384.7000	326.2000	1691.0000	
1394521200000.0000	-5.0000	314.6500	484.0000	1077.5000	466.1000	1539.9950	3155.0000	333.8000	806.5000	2391.0000	226.2500	1829.0000	3624.0000	490.1000	480.0000	840.0000	4016.0000	801.0000	1427.0000	2345.5000	406.9000	1435.5000	230.8000	835.5000	1091.0000	400.5000	327.0000	1655.0000	
1406271600000.0000	-5.0000	270.3500	499.1000	1199.0000	526.0000	1737.0000	3419.0000	320.2000	764.0000	2149.0000	202.0500	1921.0000	4163.0000	513.0000	438.8000	847.0000	4392.0000	894.0000	1465.0000	2535.5000	427.4000	1639.5000	171.0000	871.0000	1057.0000	383.0000	312.3000	1332.0000	
1416211200000.0000	-5.0000	192.7000	432.4500	1035.5000	478.2000	1581.0000	3058.0000	265.7000	458.7000	2632.0000	229.0500	1997.0000	3337.0000	441.1000	473.0000	716.5000	4596.5000	886.5000	1566.0000	2303.5000	461.4000	1372.5000	181.5000	940.0000	1073.0000	375.8000	298.6000	1544.0000	
1401865200000.0000	-5.0000	293.5000	497.8500	1223.0000	494.1000	1669.0000	3129.0000	327.6000	842.5000	2430.0000	205.1000	1968.0000	3766.0000	543.0000	450.2000	778.0000	4348.5000	868.0000	1551.0000	2446.0000	424.2000	1461.0000	193.8000	830.5000	1095.0000	397.7000	329.7000	1591.0000	
1404975600000.0000	-5.0000	280.7000	503.7000	1199.0000	495.8000	1680.0000	3214.0000	314.9000	790.0000	2117.0000	188.9500	1915.0000	3903.0000	524.5000	423.0000	812.0000	4345.0000	871.0000	1547.0000	2507.5000	419.1000	1489.5000	173.8000	847.0000	1010.0000	381.5000	306.1000	1272.0000	
