#
# unknown PARAMETER set 
#
#
# TimeSeriesTable of series:
#
# TSCO.L_Close [261,261] Werte
# BP.L_Close [261,261] Werte
# BG.L_Close [261,261] Werte
# MGGT.L_Close [261,261] Werte
# AGK.L_Close [261,261] Werte
# RIO.L_Close [261,261] Werte
# SBRY.L_Close [261,261] Werte
# TLW.L_Close [259,259] Werte
# VOD.L_Close [261,261] Werte
# SVT.L_Close [261,261] Werte
# BLT.L_Close [261,261] Werte
# REX.L_Close [261,261] Werte
# MKS.L_Close [261,261] Werte
# ANTO.L_Close [261,261] Werte
# AZN.L_Close [261,261] Werte
# UU.L_Close [261,261] Werte
# SSE.L_Close [261,261] Werte
# BA.L_Close [259,259] Werte
# AAL.L_Close [160,160] Werte
# MRW.L_Close [261,261] Werte
# NG.L_Close [261,261] Werte
# BT-A.L_Close [261,261] Werte
# CNA.L_Close [261,261] Werte
#
#
Y	Y	Y	Y	Y	Y	Y	Y	Y	Y	Y	Y	Y	Y	Y	Y	Y	Y	Y	Y	Y	Y	Y	
945936000000.0000	184.5000	618.0000	170.4250	133.4040	366.0000	1138.3700	302.3940	102.0000	173.9120	375.0580	689.5990	223.6340	236.2000	434.0000	2439.4100	630.3000	527.5000	417.7500	4060.0010	121.5000	369.9560	1446.0000	139.5320	
935132400000.0000	173.0000	1221.0000	148.1510	157.6260	239.5000	972.7390	356.6250	67.0000	658.5650	518.8610	524.9980	266.4010	303.2790	331.0000	2364.2800	697.2000	565.0000	460.0000	3620.0070	166.0000	312.8900	928.0000	119.7720	
941529600000.0000	184.0000	562.5000	135.2170	111.7910	307.9990	858.3230	314.3240	77.0000	164.5280	537.0290	535.5980	226.3070	226.0370	452.0000	2641.4000	577.4000	568.0000	355.2500	3350.0100	139.0000	362.5800	1106.5000	141.7910	
927615600000.0000	172.5000	1131.0000	138.8430	133.4290	217.5000	796.3650	329.7260	63.0000	712.0260	553.0410	409.0000	218.2880	312.2240	299.0000	2425.7500	692.7000	593.0000	416.0000	3079.9860	165.0000	332.4940	1070.0000	100.6570	
930726000000.0000	163.2500	1137.0000	151.8740	145.7020	225.5000	878.5630	347.0790	61.0000	710.8880	576.7520	442.5980	228.0890	298.4010	295.0000	2394.5300	769.6000	649.0000	411.7500	2963.9880	143.0000	342.7820	1063.0000	120.1760	
922262400000.0000	170.5000	999.0000	140.7040	141.0020	217.0000	730.6900	338.4030	52.0000	580.6540	535.7970	290.9990	186.6580	305.1090	205.0000	2548.7000	766.6000	576.0000	401.7500	3255.9890	316.5000	329.0010	963.0000	78.3970	
926319600000.0000	185.7500	1139.5000	145.5060	140.2810	221.5000	797.6040	368.3380	62.0000	619.8930	557.9680	371.0000	205.8140	331.5340	301.5000	2311.5900	752.1000	617.0000	478.0000	3241.0010	326.5000	343.1700	989.0000	100.8190	
941180400000.0000	181.0000	590.5000	132.3760	112.9090	307.0000	859.9750	316.9270	67.0000	160.9450	537.9520	525.9990	222.7430	227.6620	421.5000	2685.3100	601.4000	577.5000	355.5000	3679.9850	141.0000	352.8760	1103.5000	142.5980	
938070000000.0000	183.5000	1123.0000	140.4100	134.5220	269.0000	873.1930	330.3770	80.0000	806.4300	542.2640	493.5990	236.1070	252.0550	392.5000	2526.2600	668.7000	578.5000	398.5000	3460.0020	152.0000	331.3300	961.0000	125.5800	
917856000000.0000	192.0000	844.0000	148.7390	107.8250	193.5000	608.4260	371.3750	58.0000	674.7740	573.9800	232.5990	175.9670	292.9130	168.5000	2712.6300	782.0000	591.5000	470.5000	3269.9940	311.0000	388.2010	969.0000	91.3180	
944467200000.0000	179.0000	622.0000	129.8280	121.1070	368.9990	1023.5400	270.5050	88.0000	181.3050	435.7200	647.5990	220.0700	199.2060	409.0000	2460.8800	547.0000	498.5000	409.0000	3191.9980	128.5000	393.6360	1459.5000	151.6310	
936774000000.0000	193.0000	1145.0000	147.2690	150.9180	280.5000	969.4340	377.0160	79.0000	702.3560	541.6480	529.9980	270.8550	317.5080	365.0000	2403.3100	703.7000	564.5000	462.2500	3423.0100	169.7500	319.4900	943.0000	137.3550	
933663600000.0000	164.7500	1197.0000	145.0150	136.7580	211.0000	969.0210	325.3880	72.0000	729.6540	568.4380	530.5990	279.7650	304.4990	337.5000	2206.2100	800.0000	585.0000	420.2500	3330.0000	155.5000	324.9250	1032.0000	114.3680	
932367600000.0000	161.7500	1248.0000	149.5230	144.2110	231.5000	935.5640	338.6200	76.0000	771.1710	602.3100	495.6000	275.3100	316.0860	301.5000	2246.2100	847.4000	604.5000	436.2500	3104.0100	151.5000	348.6050	1107.0000	114.9330	
924850800000.0000	195.7500	1088.0000	139.0380	143.8870	216.0000	836.0180	356.4080	54.0000	650.6040	497.6140	387.5980	225.4160	369.3430	283.0000	2581.8800	709.7000	561.5000	432.2500	3760.0020	309.5000	330.3590	994.0000	84.7110	
939711600000.0000	188.2500	545.0000	131.4940	137.1310	282.0000	881.4540	327.7740	71.0000	179.4280	566.2820	533.9980	237.4440	253.8850	401.0000	2761.4200	622.3000	574.0000	408.5000	3285.9920	152.0000	353.6510	1001.5000	134.6930	
916387200000.0000	195.5000	891.0000	159.5160	101.6940	182.0000	590.2520	388.9460	62.0000	607.6670	601.0780	239.0000	155.0290	285.3920	171.5000	2596.5100	809.0000	616.0000	519.0000	3469.0110	320.0000	391.1130	933.0000	84.9290	
923554800000.0000	158.2500	1021.5000	138.0590	127.2980	211.5000	745.5600	333.6300	52.0000	683.5900	516.7060	308.5990	179.0860	344.5440	240.0000	2754.5900	728.6000	550.5000	419.0000	3520.0070	312.0000	352.6810	1089.0000	79.9930	
941702400000.0000	182.0000	552.5000	132.1800	111.0460	318.5000	849.2360	313.0220	76.0000	171.1820	561.9710	545.9980	220.5150	233.1510	452.0000	2666.7700	598.9000	575.0000	349.5000	3230.0000	141.7500	388.3950	1107.0000	138.9680	
930898800000.0000	170.5000	1181.0000	151.6780	149.8010	224.5000	907.0630	361.6140	63.0000	733.6370	597.9990	458.0000	226.7520	293.3200	297.0000	2412.0900	817.5000	645.0000	421.2500	3109.9890	141.0000	341.6170	1107.0000	120.1760	
922435200000.0000	169.0000	1037.0000	141.0960	139.5590	217.5000	733.1680	327.7740	52.0000	596.0080	535.7970	306.0000	187.5500	307.9550	255.0000	2702.8700	772.1000	573.5000	424.7500	2874.0080	310.0000	342.5880	956.0000	82.3890	
923382000000.0000	161.7500	1011.5000	138.3520	126.2170	214.5000	708.3850	332.5460	52.0000	685.8630	516.0900	296.5990	179.5310	354.7080	251.5000	2874.6000	719.6000	570.0000	434.5000	3336.9880	311.5000	357.9210	1082.0000	79.3400	
926492400000.0000	185.2500	1093.5000	151.1880	140.2810	220.5000	797.6040	357.9270	63.0000	654.0160	573.3640	370.6000	211.6060	327.4690	301.5000	2399.4100	747.1000	620.5000	470.2500	3995.0000	323.0000	341.8110	1040.0000	98.8020	
918028800000.0000	191.7500	865.0000	137.9610	119.3650	195.0000	608.8390	371.5920	58.0000	651.1730	551.1940	225.9990	175.9670	299.4180	168.5000	2607.2500	773.5000	599.5000	441.0000	3450.0100	318.0000	388.2010	954.0000	88.7040	
944640000000.0000	181.0000	614.5000	130.4160	121.1070	349.5000	1028.5000	255.1040	89.0000	177.4380	401.2320	658.5970	211.1600	202.0510	402.5000	2714.5800	516.5000	478.5000	406.5000	3615.0110	127.0000	381.7960	1358.5000	148.0010	
936946800000.0000	193.5000	1189.0000	147.4650	149.4280	286.5000	915.3240	375.9310	86.0000	678.4720	544.7270	529.5980	271.7460	309.7850	371.0000	2369.1600	713.7000	570.0000	464.2500	3487.0020	160.5000	317.3550	933.0000	131.4670	
933836400000.0000	170.2500	1207.0000	150.1100	137.1310	219.5000	1001.6500	338.4030	76.0000	664.2530	563.5110	526.9990	273.9740	297.7910	335.0000	2161.3200	795.0000	582.5000	412.2500	3531.0100	157.0000	321.2360	955.0000	118.1590	
943344000000.0000	183.0000	608.0000	142.6640	123.3430	323.5000	1003.7200	277.4470	83.0000	155.2580	490.2240	583.9980	220.9610	208.5560	440.0000	2809.2300	563.4000	534.5000	408.7500	3976.0000	137.5000	375.0030	1267.0000	132.2740	
929430000000.0000	180.2500	1182.5000	148.4450	149.0550	214.5000	859.1490	315.8430	65.0000	728.5180	566.5900	423.5990	223.6340	297.9950	293.5000	2476.4900	763.6000	625.0000	413.5000	3566.9910	159.0000	353.4570	1067.0000	108.7230	
932540400000.0000	160.2500	1190.0000	147.6610	137.1310	231.5000	924.8240	334.2810	76.0000	766.0530	598.6140	497.5980	276.2020	304.0930	330.0000	2219.8700	828.4000	595.0000	421.0000	3147.0080	150.5000	339.6760	1091.0000	110.9010	
920966400000.0000	167.2500	930.0000	139.2340	127.2980	208.5000	686.0800	304.7790	55.0000	639.2300	543.1880	283.0000	180.8670	316.2890	174.0000	2456.0000	783.0000	555.0000	416.0000	3115.9950	287.5000	339.0940	1073.0000	84.5660	
928134000000.0000	181.7500	1117.0000	134.5310	131.2650	218.5000	755.8860	329.2920	60.0000	676.1960	561.3550	391.6000	219.1790	320.3550	271.0000	2420.8700	752.1000	591.0000	411.7500	2936.0060	166.0000	329.1950	1041.0000	102.0280	
939884400000.0000	184.0000	562.5000	128.5550	131.5410	280.0000	846.7580	320.8320	67.0000	164.8120	553.0410	517.9980	238.5130	243.7210	402.0000	2703.8500	602.4000	562.5000	374.0000	4009.9880	146.0000	355.7860	982.0000	135.5000	
919670400000.0000	173.0000	842.0000	141.6840	119.7250	186.0000	641.8840	311.0700	54.0000	647.7600	578.9070	269.9990	173.7390	302.0600	184.0000	2548.7000	829.4000	582.0000	421.0000	3372.9970	319.5000	357.9210	1059.5000	88.7040	
946281600000.0000	187.0000	623.5000	172.1900	133.4040	366.0000	1123.5000	299.5740	102.0000	173.3430	375.6740	701.9970	223.6340	236.4040	433.5000	2494.0600	638.3000	500.5000	420.0000	3510.9980	123.0000	375.7790	1427.0000	139.9360	
938588400000.0000	192.5000	1092.0000	136.6870	132.6590	278.5000	891.3670	335.8000	77.0000	807.5680	562.2790	500.6000	232.5440	255.5110	395.0000	2490.1500	661.3000	546.0000	399.7500	3960.0020	155.0000	324.5370	965.5000	129.6130	
935478000000.0000	173.0000	1214.0000	148.3470	158.7440	266.5000	950.8470	362.2650	67.0000	680.7450	543.4950	517.9980	273.5280	314.2560	338.0000	2460.8800	743.6000	575.0000	478.2500	3299.9970	159.0000	305.9030	948.0000	129.6130	
934182000000.0000	167.2500	1223.0000	151.6780	137.8760	222.0000	1016.1100	341.4400	69.0000	668.8020	569.9770	529.5980	277.5380	303.8900	333.5000	2214.0100	794.5000	572.0000	419.5000	3598.0030	154.0000	323.3720	951.0000	116.9500	
926665200000.0000	184.2500	1102.5000	140.6060	136.6750	215.0000	777.3650	352.7200	71.0000	675.0580	559.2000	352.9990	202.2500	318.1190	301.5000	2434.5300	738.6000	621.5000	448.0000	3242.0120	332.5000	340.4530	1031.0000	95.1720	
938415600000.0000	185.7500	1094.0000	133.9430	130.4230	266.0000	861.6270	335.5830	80.0000	789.9380	577.0600	505.5990	236.1070	256.5280	394.0000	2520.4000	675.2000	571.5000	401.2500	2993.9910	150.0000	333.8540	968.0000	127.0310	
918201600000.0000	181.7500	893.5000	141.2920	125.4950	195.0000	620.4050	341.0060	60.0000	617.3350	558.5840	230.0000	168.3940	295.3520	168.5000	2566.2600	786.5000	577.0000	426.5000	3228.0070	317.5000	381.9900	927.5000	85.8730	
944812800000.0000	185.5000	626.5000	133.9430	119.9900	347.0000	1054.9400	260.5270	98.0000	177.1530	373.2100	694.9990	220.9610	244.5350	396.0000	2655.0600	549.5000	514.0000	419.2500	2966.0080	124.0000	371.7030	1432.5000	145.0170	
943516800000.0000	169.2500	642.0000	141.0960	122.2250	327.5000	974.8040	274.4100	83.0000	170.7840	480.9860	588.5980	225.4160	195.1410	422.5000	2818.9900	602.9000	511.0000	383.5000	3199.0140	133.0000	386.8430	1305.0000	134.6930	
932713200000.0000	162.0000	1198.0000	143.9380	139.3670	232.0000	904.1720	324.5200	76.0000	748.9910	575.2120	540.9980	279.3200	303.6860	346.0000	2185.7100	777.5000	582.0000	413.0000	4115.0110	156.0000	327.0600	1044.0000	111.7070	
929602800000.0000	165.0000	1180.5000	151.6780	157.2530	212.5000	851.3010	329.9430	66.0000	743.3040	564.1260	430.0000	240.5620	288.6440	293.5000	2429.6600	742.6000	626.0000	404.0000	4268.0000	146.0000	353.6510	1067.0000	108.8840	
921139200000.0000	166.7500	1021.5000	140.6060	134.5110	209.0000	720.3630	298.7060	55.0000	646.6240	516.0900	284.9980	180.4220	310.3940	174.0000	2388.6700	772.1000	532.5000	419.5000	3299.0140	275.0000	329.0010	1055.5000	84.9290	
925196400000.0000	187.7500	1123.5000	139.1370	143.8870	217.5000	846.7580	350.5500	54.0000	655.7230	508.3920	379.9990	214.2780	363.6510	285.0000	2476.4900	720.1000	565.0000	466.2500	3785.0080	313.0000	331.7180	1089.0000	90.3740	
928306800000.0000	184.7500	1123.0000	138.6460	130.9050	218.5000	772.4080	337.3190	64.0000	675.6270	581.9860	378.5990	216.5060	319.7450	265.5000	2384.7700	760.1000	596.0000	420.2500	3199.9970	172.0000	334.2420	1068.0000	102.8350	
916732800000.0000	181.5000	899.5000	156.3820	100.6130	185.0000	577.4470	377.8830	63.0000	638.6610	589.9920	239.0000	157.2570	282.3430	170.5000	2700.9200	794.0000	623.5000	425.5000	2790.0050	316.5000	423.3330	981.5000	84.2040	
919843200000.0000	172.7500	882.0000	141.1940	123.6920	185.0000	674.1020	320.8320	54.0000	672.5000	577.0600	270.9990	173.2940	326.6560	181.5000	2605.2900	815.0000	584.0000	441.0000	3080.9960	309.0000	354.0400	1118.5000	88.5590	
946454400000.0000	181.0000	615.0000	174.2880	143.8380	366.0000	1192.0700	296.5370	102.0000	173.7410	378.7530	707.9970	222.7430	231.9320	433.5000	2494.0600	629.8000	502.5000	404.7500	3680.9950	128.0000	368.7920	1492.0000	138.7260	
923900400000.0000	159.5000	1038.5000	134.0420	126.9380	210.0000	741.8420	324.0860	52.0000	684.1590	499.4620	317.9990	183.9860	337.6320	234.0000	2697.9900	720.6000	578.0000	435.5000	3193.9910	312.5000	344.7230	1072.0000	81.6630	
938761200000.0000	181.2500	1135.0000	135.2170	134.8950	281.5000	869.0620	321.9160	71.0000	156.3950	555.8120	501.5980	228.3560	255.9170	398.0000	2468.6900	651.8000	553.5000	403.2500	3250.0100	147.2500	325.7010	906.5000	129.8550	
935650800000.0000	178.0000	1162.0000	152.3640	160.2340	276.0000	912.4330	368.5550	75.0000	738.1860	548.7300	501.5980	266.4010	327.8760	356.5000	2456.9800	720.6000	577.5000	463.0000	3541.0010	158.0000	327.2540	993.0000	134.1290	
915436800000.0000	162.0000	924.5000	144.6240	90.1550	180.0000	583.6430	390.6820	54.0000	596.5770	606.0050	235.6000	148.3470	324.8260	177.5000	2628.7100	791.5000	625.0000	505.0000	3485.0090	275.0000	372.8670	939.0000	82.9700	
945158400000.0000	177.0000	623.5000	162.6980	119.6170	356.5000	1039.2400	298.9230	98.0000	175.1630	370.1310	680.5970	223.6340	232.1350	390.5000	2515.5200	587.9000	499.0000	437.2500	3301.0070	120.0000	357.3390	1399.0000	147.8400	
942048000000.0000	183.0000	566.0000	127.6730	109.9280	322.5000	835.1920	316.2770	76.0000	180.8500	540.4160	548.9990	209.3780	229.8990	462.0000	2765.3200	580.4000	560.5000	361.7500	2904.9930	131.2500	384.5140	1090.5000	138.3230	
934354800000.0000	171.2500	1205.0000	148.3470	138.6210	225.0000	1010.7400	337.9690	67.0000	651.7420	535.7970	536.9990	270.4100	299.6210	331.5000	2154.4900	794.5000	555.5000	426.7500	3633.0020	153.0000	301.6330	913.0000	118.9660	
931244400000.0000	172.5000	1221.0000	151.6780	149.4280	221.5000	990.9130	362.2650	66.0000	760.3660	615.8590	474.9980	240.5620	299.6210	297.0000	2391.6000	846.9000	655.0000	418.0000	3434.9950	139.0000	338.3170	1151.0000	124.2080	
922780800000.0000	165.5000	1079.0000	144.7220	137.3960	215.0000	728.2110	330.3770	55.0000	640.3680	527.7910	299.0000	183.9860	316.4920	258.0000	2873.6300	760.1000	576.0000	414.7500	3174.9900	306.5000	346.0820	997.0000	79.1220	
929948400000.0000	173.5000	1171.0000	150.5030	157.9990	208.5000	841.8010	335.3660	67.0000	760.9350	573.0560	431.5980	240.5620	293.9290	293.5000	2478.4400	761.6000	630.0000	410.0000	3150.0100	146.0000	353.6510	1106.0000	109.2870	
921484800000.0000	162.0000	973.5000	139.9210	149.6570	217.5000	732.7550	301.3090	57.0000	637.2390	521.0160	298.5990	187.9950	313.6470	176.0000	2347.6900	744.1000	533.0000	402.5000	3228.9900	282.0000	329.0010	1058.0000	82.2430	
937292400000.0000	193.0000	1178.0000	145.9950	145.7020	286.9990	901.2800	371.8090	83.0000	723.3980	554.8890	505.5990	261.0540	306.1260	386.0000	2355.5000	705.2000	582.0000	466.2500	3590.0050	155.0000	325.5070	906.0000	134.1290	
925369200000.0000	177.5000	1169.5000	139.4300	143.5260	220.0000	888.0630	330.1600	54.0000	647.7600	512.7020	413.6000	218.7340	349.6250	291.0000	2351.5900	715.2000	573.5000	464.7500	3444.0040	319.0000	329.5830	1025.0000	89.5030	
928479600000.0000	186.0000	1125.5000	139.4300	133.7900	217.5000	770.7560	337.3190	61.0000	697.8070	606.0050	376.9980	216.9520	312.2240	265.0000	2389.6500	817.5000	618.5000	423.5000	4234.9950	168.0000	340.0640	1091.0000	103.4800	
940230000000.0000	177.0000	552.5000	125.5160	121.4800	282.0000	802.9740	320.3990	65.0000	161.5140	538.8760	512.0000	232.5440	241.6880	406.0000	2659.9400	577.4000	540.5000	365.5000	3707.0120	134.0000	335.9880	935.5000	134.6930	
916905600000.0000	177.2500	895.5000	149.6210	98.8100	184.0000	592.7300	372.6760	62.0000	661.4100	591.2240	229.0000	158.5930	272.1790	170.0000	2792.6400	797.0000	621.0000	436.5000	3220.0080	316.5000	421.9750	959.0000	86.3820	
920016000000.0000	177.0000	889.0000	144.0360	121.5290	183.0000	667.9060	312.8060	60.0000	651.1730	546.8820	270.9990	176.4130	341.2910	175.0000	2533.0900	790.0000	578.5000	396.5000	3220.0080	307.5000	350.1570	1081.0000	84.2040	
946627200000.0000	188.2500	622.5000	176.6060	144.5840	366.0000	1235.0300	303.0440	102.0000	174.4800	378.7530	730.5980	222.7430	239.6560	433.5000	2505.7700	642.3000	494.2500	410.0000	3069.9940	133.0000	365.6850	1513.0000	141.5490	
924073200000.0000	170.0000	1032.5000	136.4910	127.2980	210.0000	752.9950	320.6160	54.0000	692.6890	504.6960	338.9980	193.7860	360.8060	232.5000	2659.9400	726.6000	565.5000	432.5000	3798.9860	305.5000	344.5290	1075.0000	79.9930	
915609600000.0000	164.2500	929.0000	152.8540	95.2030	181.5000	594.3820	397.4070	49.0000	619.3260	595.5360	241.9990	147.9020	341.0880	186.0000	2745.8000	798.0000	621.0000	518.0000	3610.9980	274.0000	395.9650	1011.5000	85.5100	
945331200000.0000	179.7500	642.5000	151.7710	117.3810	357.5000	1212.7200	282.2190	104.0000	174.1960	375.6740	761.5970	226.5740	221.3610	405.0000	2527.2300	614.3000	516.5000	413.7500	3252.0030	120.2500	362.7740	1316.0000	147.5980	
942220800000.0000	182.7500	603.5000	131.2980	109.5560	322.5000	850.8880	310.2020	71.0000	182.4420	521.0160	555.9980	210.2700	221.5640	468.0000	2823.8700	581.4000	544.0000	375.2500	3195.0010	133.0000	384.1250	1147.0000	140.1780	
934527600000.0000	173.2500	1234.0000	148.9340	148.6830	233.5000	1044.6100	338.4030	69.0000	690.4130	547.4980	589.9980	271.7460	300.6370	330.0000	2245.2400	729.1000	572.0000	439.2500	4037.0150	157.0000	309.2020	970.0000	119.3690	
931417200000.0000	169.5000	1216.0000	155.6950	150.1730	222.0000	985.1300	360.3130	80.0000	763.7770	610.0080	496.9980	247.2450	323.6060	298.0000	2360.3800	859.9000	635.5000	441.2500	3271.0040	150.5000	337.1520	1105.0000	121.7890	
922953600000.0000	166.0000	1009.5000	144.4280	130.9050	214.5000	708.3850	333.8480	51.0000	672.2150	528.4070	300.6000	182.2040	329.7050	254.0000	2963.4000	745.1000	561.5000	419.5000	3652.9860	310.0000	363.3560	1028.0000	81.8800	
927010800000.0000	182.5000	1081.5000	142.7620	133.7900	210.5000	793.8870	349.4650	62.0000	671.0780	556.1200	376.9980	200.9140	324.4200	300.5000	2384.7700	703.7000	595.5000	433.5000	3215.0120	329.5000	329.0010	1048.0000	99.2050	
930121200000.0000	171.7500	1173.0000	151.0910	157.6260	215.0000	824.4530	331.8950	68.0000	758.0900	580.1390	406.9990	220.5150	297.7910	286.0000	2474.5400	755.6000	625.5000	412.2500	3250.0100	145.5000	345.3060	1114.0000	110.3350	
918547200000.0000	180.5000	880.5000	139.5280	122.9710	192.0000	660.0580	327.7740	57.0000	601.1270	580.1390	261.0000	159.0380	294.7420	169.0000	2515.5200	801.5000	615.0000	436.0000	3188.9950	322.5000	374.0320	908.0000	83.4780	
921657600000.0000	161.0000	1001.0000	138.7450	147.4930	216.0000	713.7550	308.4670	57.0000	614.7750	509.3150	289.9980	189.3310	319.3380	181.5000	2458.9300	732.6000	518.0000	403.0000	2893.9910	280.5000	324.7300	996.5000	79.4850	
925714800000.0000	184.7500	1179.0000	136.6870	143.8870	221.0000	896.7370	342.7410	55.0000	651.1730	503.4640	421.9990	216.0610	345.1540	297.5000	2374.0400	701.7000	583.5000	465.0000	3325.0030	318.0000	334.0480	1044.0000	91.6810	
937465200000.0000	187.2500	1115.0000	146.7800	146.4470	294.0000	841.8010	363.3490	80.0000	706.9060	566.8980	480.9980	253.0360	294.3360	387.5000	2383.7900	699.7000	577.0000	437.0000	3179.0030	160.5000	334.2420	922.0000	134.6930	
917251200000.0000	175.2500	872.0000	148.5430	97.0060	183.5000	596.4480	367.2540	63.0000	652.5940	587.5290	228.0000	154.5840	274.4150	158.5000	2790.6900	786.5000	609.5000	427.5000	3506.9850	300.5000	384.1250	949.5000	87.1070	
943862400000.0000	174.2500	637.0000	135.2170	122.2250	331.5000	1010.3300	263.3470	90.0000	167.9400	483.4490	595.5980	223.9020	195.1410	422.5000	2793.6200	599.4000	489.5000	389.0000	3250.0100	130.0000	388.7830	1313.0000	141.9520	
933058800000.0000	164.7500	1178.0000	142.9580	136.0130	218.5000	905.8240	322.5680	75.0000	749.5600	576.4440	536.9990	274.4190	304.7020	335.0000	2275.4900	799.5000	595.5000	407.5000	2874.0080	155.5000	325.1190	1117.0000	111.5460	
940402800000.0000	186.5000	561.5000	131.0040	120.3620	290.5000	819.4960	324.0860	64.0000	146.1590	550.2700	516.5990	222.7430	234.9810	407.0000	2794.5900	614.8000	573.0000	369.7500	3488.9950	135.0000	350.1570	983.5000	142.5980	
924246000000.0000	181.5000	1125.0000	137.5690	138.1170	210.5000	843.8660	338.6200	52.0000	636.3860	513.0100	403.0000	230.3160	343.9340	245.0000	2516.5000	731.1000	585.5000	462.5000	3995.0000	301.5000	333.0760	1015.0000	81.8800	
939106800000.0000	188.7500	558.0000	140.4100	137.5040	277.4990	899.6280	324.5200	71.0000	158.5560	558.8920	536.5990	228.0890	263.8450	398.0000	2527.2300	669.2000	571.0000	409.0000	3364.9980	145.0000	329.1950	932.0000	129.2890	
935996400000.0000	177.0000	1153.0000	152.1680	159.8620	276.0000	923.1720	366.1690	75.0000	737.6170	562.2790	517.6000	261.0540	347.9990	356.5000	2448.2000	738.6000	585.0000	448.7500	2971.0040	155.5000	329.1950	995.0000	133.6450	
915782400000.0000	179.2500	914.5000	151.3850	106.0220	181.5000	576.2080	405.2150	49.0000	605.3920	585.0660	235.9980	162.1570	341.0880	186.5000	2748.7300	795.5000	603.0000	508.5000	3104.0100	297.0000	393.8310	956.0000	85.8730	
942393600000.0000	188.5000	613.0000	132.9640	109.5560	326.0000	908.7150	303.4780	73.0000	168.5090	516.3980	548.5990	218.5550	222.7850	469.0000	2824.8400	583.4000	541.5000	395.7500	3226.9970	131.7500	385.4840	1239.5000	140.7430	
927183600000.0000	179.5000	1117.0000	140.4100	133.4290	212.5000	842.6270	352.5030	61.0000	735.3410	566.5900	399.5980	225.8620	328.8920	299.5000	2422.8300	698.7000	607.0000	424.0000	3750.0100	332.5000	333.6590	1136.0000	100.8190	
930294000000.0000	166.7500	1161.0000	148.5430	155.3900	221.0000	847.1710	336.8850	67.0000	746.1470	574.5960	418.5990	223.6340	295.9620	291.5000	2482.3500	762.6000	632.0000	416.2500	3390.9880	143.5000	343.7530	1102.0000	110.9010	
918720000000.0000	181.7500	862.5000	141.9780	121.1680	192.5000	667.9060	323.2190	53.0000	621.8840	568.4380	262.0000	156.8110	297.1810	172.5000	2516.5000	824.5000	604.0000	440.0000	3393.0080	330.0000	378.8840	1009.5000	86.5990	
921830400000.0000	162.7500	1000.0000	140.2140	143.8870	217.5000	705.4940	314.5410	55.0000	611.3630	512.3940	284.0000	191.5590	301.6540	194.0000	2621.8800	748.6000	592.5000	389.0000	3425.0030	305.0000	334.8230	999.5000	80.9370	
925887600000.0000	190.2500	1125.0000	138.8430	143.8870	220.0000	843.4530	355.7570	55.0000	621.0310	540.1080	397.0000	209.8240	342.7140	305.0000	2306.7100	754.1000	614.5000	468.2500	3261.0120	312.0000	341.8110	1005.0000	90.3740	
917424000000.0000	181.7500	841.0000	146.7800	103.8580	184.5000	607.1870	370.5070	63.0000	672.5000	578.9070	230.9990	167.0580	286.8140	159.5000	2755.5600	771.6000	620.0000	445.0000	3174.0070	300.5000	384.7070	917.5000	86.9620	
944035200000.0000	174.7500	633.5000	131.3960	121.8530	345.5000	1045.0200	285.6900	93.0000	171.9210	466.2050	605.5980	219.8020	200.4250	414.0000	2776.0500	566.4000	474.0000	365.7500	3382.0060	129.0000	377.9150	1325.5000	145.9850	
936342000000.0000	192.2500	1172.0000	149.8160	156.8810	274.0000	953.3250	393.0680	76.0000	706.3390	549.9620	531.5990	272.1920	334.3800	355.0000	2421.8500	734.1000	578.0000	472.7500	3587.0020	153.5000	330.9420	976.0000	136.1460	
933231600000.0000	162.2500	1176.0000	144.9170	134.5220	210.0000	934.3250	325.3880	75.0000	722.2620	553.6570	527.5990	282.4380	296.9780	327.5000	2211.0800	778.5000	583.0000	399.5000	3671.0040	155.5000	314.6370	1086.0000	110.9010	
928825200000.0000	185.7500	1132.0000	148.2490	133.7900	217.5000	783.5610	346.6460	64.0000	738.1860	579.5230	378.5990	216.9520	301.8570	266.0000	2431.6100	768.1000	617.5000	422.0000	3330.0000	168.0000	355.9810	1122.0000	106.3030	
940575600000.0000	181.5000	592.5000	138.3520	115.8900	292.0000	809.5830	314.7580	69.0000	152.8700	545.9590	517.0000	227.1980	231.7280	415.0000	2759.4600	623.3000	563.5000	345.5000	3869.9930	142.0000	347.0520	1067.5000	140.5010	
920361600000.0000	168.5000	850.5000	139.4300	121.5290	196.5000	657.9930	316.2770	57.0000	637.2390	551.8100	268.9990	173.7390	321.1670	174.0000	2457.9500	777.0000	579.0000	391.0000	3472.9970	304.0000	345.4990	1074.0000	86.1640	
939279600000.0000	190.7500	558.5000	136.9810	139.3670	278.5000	910.3680	330.3770	71.0000	166.8030	594.3040	541.5990	236.5530	259.1700	399.5000	2684.3300	676.2000	596.5000	405.0000	3604.0100	154.0000	360.4450	998.0000	130.2580	
936169200000.0000	190.5000	1175.0000	148.1510	157.6260	269.5000	916.9760	373.5440	76.0000	713.1620	563.8180	509.5990	273.9740	328.4850	356.5000	2375.9900	740.6000	592.5000	466.5000	3144.0050	156.5000	331.3300	965.0000	134.5320	
945676800000.0000	181.2500	632.5000	163.0290	122.5980	358.5000	1180.5000	296.3200	105.0000	171.1820	364.8960	738.9990	234.3260	223.1910	431.0000	2469.6600	601.9000	514.5000	413.5000	3212.9920	120.2500	365.6850	1410.0000	142.5980	
934873200000.0000	181.2500	1226.0000	148.8360	151.6640	239.0000	1038.8300	338.6200	68.0000	680.7450	528.7150	536.9990	266.4010	298.6040	331.0000	2251.0900	730.6000	562.5000	433.5000	2899.9970	159.0000	308.6200	933.0000	117.5140	
931762800000.0000	166.0000	1259.0000	152.6580	149.4280	222.5000	948.7810	354.0220	88.0000	758.0900	609.7000	485.5980	253.4820	320.1510	298.0000	2306.7100	861.9000	639.0000	444.5000	3250.0100	149.5000	339.2880	1115.0000	122.5950	
926060400000.0000	185.7500	1133.0000	146.8760	142.0840	221.5000	809.5830	371.8090	59.0000	618.1880	549.0380	378.9990	205.8140	337.2260	306.0000	2304.7600	756.6000	612.5000	482.2500	3995.0000	324.0000	349.3810	1011.0000	93.2770	
940921200000.0000	180.7500	569.5000	137.0790	114.7730	307.9990	839.3230	306.9490	67.0000	154.9730	545.3430	525.9990	220.9610	224.6140	420.0000	2762.3900	616.3000	574.5000	359.5000	3434.9950	143.7500	364.3280	1071.0000	141.7910	
937810800000.0000	183.5000	1109.0000	150.0120	145.7020	280.5000	858.3230	351.6350	77.0000	741.0290	591.5320	500.6000	247.0660	275.4320	395.5000	2493.0800	713.7000	576.5000	424.5000	3593.9900	160.0000	336.5710	975.0000	132.4350	
917596800000.0000	187.2500	822.0000	146.9750	107.4640	193.0000	604.7090	370.9410	63.0000	674.2050	572.1330	231.9990	165.2750	292.9130	167.5000	2722.3900	772.6000	588.5000	462.0000	4004.0090	307.5000	383.7370	930.5000	93.4220	
944208000000.0000	185.0000	623.5000	131.5910	118.4990	364.5000	1033.4600	282.0020	88.0000	173.9120	455.1200	622.9980	215.8820	202.0510	413.5000	2663.8400	563.9000	502.5000	403.2500	3509.0050	128.0000	399.4590	1412.5000	154.0500	
942912000000.0000	184.2500	635.0000	141.2920	123.3430	332.0000	1024.3700	295.4520	73.0000	161.2290	489.3000	610.9980	230.7620	203.8810	465.0000	2724.3400	566.4000	525.0000	343.5000	3182.9890	124.0000	389.5600	1229.0000	127.6770	
928998000000.0000	188.5000	1141.5000	149.8160	144.2110	214.5000	812.0610	338.6200	63.0000	756.3830	567.2060	399.9990	209.8240	301.0430	287.5000	2447.2200	746.1000	614.5000	423.0000	3233.9850	163.5000	357.1460	1069.0000	108.0770	
932108400000.0000	164.5000	1272.0000	148.4450	144.5840	229.5000	939.6940	344.6930	76.0000	772.8760	601.0780	502.5980	263.7280	315.2720	299.5000	2232.5500	842.9000	619.5000	428.0000	3599.9970	156.5000	350.1570	1107.0000	116.9500	
920534400000.0000	165.2500	902.0000	137.2750	121.5290	195.0000	662.1230	308.0330	55.0000	626.1490	571.5170	266.0000	175.0760	305.5160	174.0000	2385.7500	790.0000	583.0000	398.5000	3034.9960	302.5000	341.0350	1040.0000	85.6550	
924591600000.0000	177.7500	1120.0000	132.0820	137.3960	216.0000	835.1920	347.2960	52.0000	606.2450	491.4550	398.0000	228.5340	361.2120	270.0000	2492.1000	706.7000	570.0000	426.5000	2958.0100	303.5000	330.5530	982.0000	79.7030	
916128000000.0000	185.5000	906.5000	146.2890	106.0220	183.0000	608.4260	406.7340	52.0000	611.0790	583.8340	243.9990	163.0480	328.0790	180.5000	2677.5000	788.5000	614.5000	508.0000	4115.0110	314.5000	389.1720	919.5000	86.1640	
919238400000.0000	177.7500	840.0000	140.0190	120.4470	189.5000	629.4920	334.0640	56.0000	636.9550	562.2790	261.0000	169.7300	300.4340	182.5000	2513.5700	817.5000	614.5000	430.0000	3485.0090	324.0000	357.9210	1089.5000	82.0260	
945849600000.0000	184.2500	615.5000	168.2170	133.0320	361.5000	1157.3700	301.9600	103.0000	168.7930	358.7380	698.9980	235.2170	231.5250	434.0000	2405.2600	628.8000	511.0000	414.2500	4050.0100	122.0000	370.7330	1422.0000	141.1460	
942739200000.0000	187.0000	631.5000	133.4530	118.8720	327.5000	948.3680	307.3820	72.0000	154.5750	508.3920	557.5980	212.7640	220.5480	470.0000	2785.8100	569.9000	537.0000	373.5000	3304.9930	132.0000	380.4370	1288.5000	139.7740	
935046000000.0000	174.7500	1206.0000	145.8970	157.6260	239.5000	980.5870	355.9740	67.0000	657.4300	511.4710	512.0000	262.8370	300.4340	331.0000	2282.3200	709.2000	567.0000	433.2500	3771.0030	165.0000	307.0670	930.0000	117.9980	
931935600000.0000	166.0000	1259.0000	150.7960	146.4470	225.5000	923.1720	347.5130	80.0000	739.8910	600.4620	491.9980	253.9270	315.8830	298.0000	2288.1700	832.9000	630.5000	428.2500	3198.0040	159.5000	339.2880	1121.0000	119.7720	
941443200000.0000	183.2500	584.0000	134.5310	112.5370	306.5000	859.1490	318.0120	70.0000	170.6130	535.7970	534.5980	225.4160	230.1020	430.0000	2707.7500	581.9000	578.5000	359.2500	2933.0030	138.0000	350.1570	1108.0000	139.7740	
927529200000.0000	176.5000	1149.5000	140.3120	134.5110	213.5000	836.0180	346.6460	61.0000	708.0430	557.9680	410.5990	221.8520	314.2560	301.0000	2453.0700	709.7000	606.0000	426.5000	3172.0140	172.5000	337.3470	1080.0000	102.4320	
930639600000.0000	166.0000	1123.0000	150.1100	148.6830	225.0000	857.9100	346.4290	67.0000	721.6930	589.0690	437.5980	229.8700	290.2700	296.5000	2404.2900	766.6000	642.0000	414.2500	3176.0000	142.0000	343.3650	1072.0000	116.1430	
919065600000.0000	177.2500	867.5000	139.1370	121.1680	191.5000	682.7760	327.7740	56.0000	644.6330	558.5840	272.0000	160.3750	298.1980	180.0000	2496.0100	809.5000	622.0000	429.5000	3204.0100	324.0000	369.9560	1072.0000	84.5660	
922176000000.0000	166.0000	1002.0000	134.6290	141.7230	217.5000	703.4280	321.0490	52.0000	584.6340	540.7240	285.5990	183.0940	307.1420	196.0000	2569.1900	750.6000	594.0000	392.0000	3439.9910	320.0000	328.6130	984.0000	79.3400	
941094000000.0000	181.7500	590.0000	128.4560	112.9090	307.0000	861.6270	312.8060	67.0000	152.9830	541.3400	538.5990	215.8820	224.6140	421.0000	2724.3400	607.9000	562.0000	356.5000	4269.9930	140.0000	360.8330	1085.5000	139.2910	
937983600000.0000	184.0000	1093.0000	137.8630	141.6030	270.0000	873.1930	328.6410	80.0000	763.2080	569.6690	488.9990	229.8700	253.8850	392.0000	2487.2300	669.2000	583.0000	402.5000	3304.0100	155.0000	329.5830	921.5000	124.3700	
936687600000.0000	191.2500	1156.0000	149.5230	154.2720	279.0000	945.8900	375.9310	79.0000	717.7110	547.4980	534.5980	270.8550	319.9480	360.0000	2428.6800	721.1000	559.5000	467.0000	3220.9900	152.2500	320.6550	952.0000	136.7100	
933577200000.0000	164.7500	1209.0000	146.4850	137.8760	210.0000	993.3910	324.0860	74.0000	742.7350	572.1330	528.9980	276.6460	310.1910	337.5000	2266.7000	807.5000	588.0000	413.7500	2860.0030	155.5000	325.1190	1074.0000	114.5290	
924764400000.0000	191.2500	1097.5000	141.3900	144.9690	216.0000	825.6920	351.8520	54.0000	645.4860	504.0800	381.0000	229.4260	357.9590	274.5000	2585.7800	704.7000	558.5000	432.2500	3090.9880	308.5000	331.1360	993.0000	84.5660	
927874800000.0000	181.7500	1117.0000	134.5310	131.2650	218.5000	755.8860	329.2920	60.0000	676.1960	561.3550	391.6000	219.1790	320.3550	271.0000	2420.8700	752.1000	591.0000	411.7500	3701.9890	166.0000	329.1950	1041.0000	102.0280	
939625200000.0000	189.0000	538.0000	135.1190	137.8760	282.5000	875.6710	340.7890	71.0000	179.4280	573.0560	518.9980	240.5620	257.5440	400.0000	2767.2700	653.8000	571.5000	401.7500	3171.0040	153.5000	357.3390	1018.5000	134.1290	
916300800000.0000	186.7500	876.0000	160.4970	102.7760	182.5000	586.1210	390.2480	52.0000	597.9980	580.1390	239.6000	150.1290	276.2440	174.0000	2577.9700	780.5000	611.0000	491.5000	3063.0050	316.0000	388.5900	899.5000	86.5990	
919411200000.0000	175.5000	827.5000	138.8430	120.0860	187.0000	637.7530	317.7950	52.0000	640.9370	570.9010	263.5990	175.0760	300.8400	184.0000	2525.2800	816.5000	588.0000	402.0000	3220.0080	322.0000	351.5160	1080.5000	86.7450	
946022400000.0000	187.0000	623.5000	172.1900	133.4040	366.0000	1123.5000	299.5740	102.0000	173.3430	375.6740	701.9970	223.6340	236.4040	433.5000	2494.0600	638.3000	500.5000	420.0000	3518.9970	123.0000	375.7790	1427.0000	139.9360	
923468400000.0000	161.5000	1012.5000	137.6670	124.4130	211.5000	731.9290	332.9790	50.0000	694.3950	511.4710	300.0000	179.0860	355.1140	244.0000	2805.3300	738.1000	567.0000	437.2500	3439.9910	311.5000	362.5800	1085.0000	80.7920	
941616000000.0000	186.0000	556.5000	134.0420	111.7910	317.4990	850.0620	310.8530	77.0000	168.2240	556.7360	542.9990	226.3070	222.3780	452.0000	2689.2100	599.4000	570.5000	353.0000	3768.0000	136.0000	373.6440	1097.5000	141.1460	
927702000000.0000	172.7500	1146.0000	136.9810	132.7080	217.5000	783.1470	324.7370	60.0000	696.1000	551.1940	400.9990	216.5060	315.8830	285.0000	2416.9700	725.6000	583.0000	412.0000	3190.0050	164.0000	327.0600	1057.0000	99.6080	
930812400000.0000	165.7500	1177.0000	148.2490	149.8010	225.5000	910.3680	356.8420	63.0000	725.6740	589.9920	457.6000	227.1980	297.9950	294.0000	2408.1900	793.0000	657.5000	419.7500	3720.0070	142.0000	345.3060	1114.0000	120.0140	
922348800000.0000	173.0000	1011.0000	142.2720	139.5590	217.5000	738.5380	344.0430	51.0000	582.3580	545.0350	299.6000	188.4410	308.9710	232.5000	2609.2000	771.1000	569.5000	409.7500	3220.9900	320.0000	340.8410	955.0000	81.3000	
923295600000.0000	166.0000	1009.5000	144.4280	130.9050	214.5000	708.3850	333.8480	51.0000	672.2150	528.4070	300.6000	182.2040	329.7050	254.0000	2963.4000	745.1000	561.5000	465.5000	3510.9980	310.0000	363.3560	1028.0000	81.8800	
926406000000.0000	190.0000	1139.0000	151.9720	140.2810	221.5000	824.8660	370.9410	63.0000	637.5230	548.1140	379.9990	211.1600	327.4690	301.5000	2339.8900	736.6000	613.5000	385.5000	3204.9930	326.5000	342.5880	1008.0000	100.2540	
938156400000.0000	179.5000	1094.0000	135.8050	131.5410	266.5000	864.9320	327.7740	82.0000	784.8190	545.9590	482.9990	234.3260	244.7380	394.0000	2492.1000	652.8000	567.0000	463.5000	3210.9990	148.0000	329.1950	951.0000	124.8530	
917942400000.0000	185.2500	855.0000	143.3490	123.3320	195.0000	612.5570	373.5440	58.0000	667.6660	563.5110	229.0000	175.9670	288.8470	168.5000	2699.9400	771.6000	620.0000	411.7500	3434.9950	318.0000	386.0660	976.0000	89.6480	
944553600000.0000	175.7500	611.5000	131.0040	121.1070	355.5000	1026.0200	263.7810	89.0000	185.8540	431.7170	658.9970	215.6150	203.4740	405.0000	2557.4800	555.0000	499.0000	462.2500	3509.9880	121.0000	391.3070	1426.5000	150.4210	
936860400000.0000	190.2500	1172.0000	150.5030	150.9180	283.5000	949.1950	373.9780	76.0000	697.2380	546.8820	530.9990	276.2020	313.0360	367.5000	2381.8400	720.1000	576.5000	419.2500	4069.0100	159.5000	316.5780	951.0000	130.6610	
933750000000.0000	172.2500	1209.0000	147.2690	136.7580	216.0000	994.6300	337.9690	73.0000	704.0630	566.5900	526.5990	278.8740	306.3290	337.5000	2200.3500	805.5000	579.0000	365.5000	3306.9850	156.5000	326.4770	986.0000	119.6110	
943257600000.0000	174.7500	625.5000	139.4300	123.3430	324.5000	994.6300	277.2300	87.0000	156.5660	475.4430	588.0000	224.9700	202.2540	450.0000	2726.2900	560.4000	514.5000	419.2500	3715.0110	140.0000	375.9730	1236.0000	127.6770	
929343600000.0000	178.0000	1152.0000	146.8760	147.9370	214.5000	852.9530	322.7850	65.0000	731.9300	568.1300	420.0000	220.5150	301.0430	293.5000	2471.6100	761.6000	618.0000	425.7500	3206.0030	164.5000	352.8760	1057.0000	108.4810	
932454000000.0000	161.0000	1231.0000	147.8570	138.9940	233.0000	924.4110	336.0170	75.0000	760.3660	600.4620	490.5980	273.5280	303.8900	318.5000	2218.8900	831.9000	593.0000	407.0000	2893.9910	154.0000	348.0230	1092.0000	113.3200	
920880000000.0000	163.7500	928.5000	137.9610	128.3800	206.5000	688.1450	306.0810	66.0000	636.6700	565.9740	273.9980	180.8670	311.4100	174.0000	2419.9000	816.0000	571.0000	390.0000	3190.0050	298.5000	332.8830	1058.5000	84.7110	
939798000000.0000	189.5000	563.5000	130.0240	133.7770	279.5000	888.8890	322.7850	65.0000	170.3290	562.8950	525.5990	231.6530	246.5670	401.0000	2761.4200	602.4000	577.5000	426.2500	3076.0000	147.0000	359.6690	972.0000	133.3220	
923641200000.0000	157.2500	1044.5000	140.6060	127.2980	210.0000	752.5820	327.5570	52.0000	690.4130	503.4640	317.5980	180.4220	342.9180	236.0000	2710.6800	735.1000	565.0000	406.7500	3466.0080	314.0000	353.2630	1080.0000	80.7920	
938502000000.0000	188.7500	1065.0000	139.4300	129.6780	273.5000	882.2800	334.2810	80.0000	784.8190	574.5960	510.9990	233.4340	258.1530	394.0000	2505.7700	679.7000	557.5000	475.0000	3545.0140	145.2500	322.4010	967.0000	128.2410	
935391600000.0000	173.2500	1223.0000	150.8940	157.9990	239.5000	974.3910	361.1800	70.0000	675.0580	526.8670	529.5980	273.0830	310.8010	335.0000	2468.6900	734.1000	574.0000	382.1250	3296.0110	165.0000	309.3960	939.0000	120.8200	
915177600000.0000	171.2500	897.5000	150.0760	89.4330	180.5000	577.4470	418.0170	50.0000	672.2150	630.0240	238.5990	151.0200	335.1910	177.5000	2553.5800	906.1000	677.0000	359.0000	2866.0090	279.0000	372.4790	913.1000	87.8330	
941788800000.0000	186.7500	541.0000	131.0040	110.3010	318.5000	840.9750	317.7950	76.0000	180.2810	545.6510	539.9980	219.6250	238.4360	455.0000	2749.7100	597.9000	563.0000	458.0000	-5.0000	136.0000	388.5900	1102.0000	140.7430	
926578800000.0000	188.0000	1113.0000	148.1510	139.9200	220.0000	798.0170	355.7570	66.0000	668.8020	569.3620	366.9990	207.1510	330.5180	301.5000	2512.6000	755.6000	620.0000	439.5000	-5.0000	327.5000	346.8580	1074.0000	98.3990	
918115200000.0000	187.5000	891.0000	133.8450	122.2500	195.0000	607.1870	372.2430	58.0000	632.9740	550.5780	222.6000	173.7390	293.5230	171.0000	2587.7300	784.0000	579.5000	410.5000	-5.0000	317.5000	384.3190	950.5000	86.3820	
944726400000.0000	182.5000	635.5000	127.8680	121.8530	347.0000	1051.6300	256.1880	102.0000	178.5750	361.8170	667.9990	217.3970	214.2480	400.0000	2676.5200	481.6000	488.0000	414.5000	-5.0000	126.0000	380.2440	1414.5000	147.1950	
933922800000.0000	170.5000	1216.0000	151.8740	137.5040	222.0000	1009.9100	343.3920	65.0000	659.7030	566.5900	529.9980	273.9740	300.6370	335.0000	2179.8600	778.5000	574.5000	415.0000	-5.0000	154.0000	322.0130	939.0000	114.5290	
943430400000.0000	177.0000	607.0000	142.9580	123.3430	325.5000	1002.8900	267.4680	83.0000	158.9540	488.3760	588.5980	216.5060	196.3600	431.0000	2806.3000	563.9000	518.0000	416.2500	-5.0000	134.0000	379.6610	1249.5000	125.0150	
932626800000.0000	160.7500	1194.0000	145.4070	139.3670	232.0000	912.8460	327.9910	76.0000	760.9350	594.6120	522.6000	280.2100	296.7750	331.0000	2209.1300	815.5000	592.0000	408.7500	-5.0000	151.5000	335.2120	1071.0000	111.5460	
929516400000.0000	173.2500	1191.0000	150.7960	150.1730	212.5000	857.0840	319.3130	63.0000	738.7550	570.2850	433.9990	238.3350	290.4730	298.5000	2439.4100	743.6000	627.0000	421.0000	-5.0000	150.5000	353.8450	1069.0000	109.2870	
921052800000.0000	167.0000	931.5000	138.6460	126.9380	208.5000	683.6020	299.3570	57.0000	630.1310	532.7180	268.9990	182.2040	318.5250	174.0000	2435.5100	805.5000	546.0000	452.7500	-5.0000	282.5000	337.5410	1061.0000	84.4210	
925110000000.0000	190.7500	1097.5000	141.0960	143.5260	213.5000	828.5830	354.2380	54.0000	653.4470	492.9950	382.5980	212.0510	364.4640	283.0000	2526.2600	710.7000	562.5000	414.7500	-5.0000	309.5000	333.4650	1047.0000	88.7040	
928220400000.0000	185.5000	1110.5000	136.8830	130.1830	218.5000	741.8420	329.9430	63.0000	676.7650	569.3620	365.9980	216.0610	317.3050	266.0000	2381.8400	750.6000	591.0000	379.0000	-5.0000	173.5000	331.5240	1086.0000	99.2050	
939970800000.0000	178.5000	547.5000	125.7130	125.9520	280.5000	820.3220	321.9160	67.0000	163.7890	538.8760	517.9980	236.1070	245.5500	406.0000	2670.6700	592.9000	555.0000	493.5000	-5.0000	140.0000	346.4700	955.5000	136.7100	
916646400000.0000	187.2500	923.5000	158.9290	102.7760	184.0000	584.8820	389.3800	63.0000	696.9530	597.3830	240.0000	158.1470	291.0830	170.5000	2697.9900	800.5000	636.5000	427.5000	-5.0000	320.0000	409.5520	987.0000	84.2040	
919756800000.0000	172.2500	856.5000	142.9580	120.4470	183.5000	646.0140	312.5890	54.0000	666.5280	582.6020	268.0000	171.9580	310.5970	184.0000	2565.2900	830.4000	581.0000	400.2500	-5.0000	315.0000	358.6980	1072.5000	88.5590	
946368000000.0000	187.0000	623.5000	172.1900	133.4040	366.0000	1123.5000	299.5740	102.0000	173.3430	375.6740	701.9970	223.6340	236.4040	433.5000	2494.0600	638.3000	500.5000	474.5000	-5.0000	123.0000	375.7790	1427.0000	139.9360	
938674800000.0000	189.7500	1109.0000	136.7850	136.0130	281.5000	869.8880	328.8580	76.0000	817.8050	559.8160	508.9990	231.9200	256.5280	396.0000	2485.2700	663.3000	566.5000	427.7500	-5.0000	154.0000	326.2840	919.5000	134.5320	
935564400000.0000	173.0000	1212.0000	152.0700	159.4890	283.5000	935.1510	364.6510	70.0000	701.2200	557.6600	512.9980	270.8550	311.4100	355.0000	2444.2900	733.6000	575.5000	412.2500	-5.0000	157.0000	310.9490	1004.0000	131.8710	
945072000000.0000	174.2500	620.5000	157.9510	119.2440	353.0000	1040.0700	279.3990	98.0000	173.0590	379.6770	699.9990	213.5660	222.5820	395.0000	2580.9000	586.4000	502.0000	414.5000	-5.0000	123.0000	371.7030	1427.0000	146.3890	
934268400000.0000	167.0000	1225.0000	151.0910	137.5040	223.0000	996.6960	326.9060	67.0000	649.4670	565.0500	527.5990	276.2020	293.7260	332.5000	2163.2700	776.0000	543.5000	423.0000	-5.0000	153.5000	308.4270	911.0000	116.3850	
931158000000.0000	172.0000	1228.0000	153.1480	149.4280	223.0000	941.3470	360.0960	66.0000	766.6220	607.8520	464.5980	231.2070	298.1980	297.0000	2405.2600	829.9000	640.5000	458.0000	-5.0000	141.0000	337.7350	1109.0000	122.0310	
922694400000.0000	170.5000	1077.0000	148.1510	138.8380	216.5000	741.4290	330.5930	52.0000	622.1690	541.9560	289.9980	186.6580	306.5320	258.0000	2766.3000	773.5000	583.5000	419.5000	-5.0000	311.5000	340.0640	1014.0000	82.2430	
937206000000.0000	194.7500	1174.0000	151.2860	147.5650	286.0000	885.1710	373.1100	85.0000	712.5930	546.2670	520.5990	269.6970	305.9220	380.0000	2375.0100	721.1000	569.0000	395.5000	-5.0000	160.0000	327.6420	923.0000	135.3380	
916992000000.0000	172.0000	864.0000	148.3470	97.3670	183.5000	577.8600	362.9160	63.0000	640.0840	587.5290	230.5980	154.1380	270.9600	163.5000	2774.1000	782.0000	612.5000	408.0000	-5.0000	308.0000	398.8770	935.0000	88.5590	
943603200000.0000	175.0000	627.0000	135.8050	122.2250	327.5000	967.3690	272.8920	83.0000	169.6460	484.9890	596.5990	231.6530	194.9370	422.5000	2847.2800	625.8000	493.0000	411.5000	-5.0000	128.7500	391.1130	1312.5000	139.5320	
929689200000.0000	171.5000	1179.0000	145.8970	157.9990	209.0000	843.8660	334.0640	67.0000	745.0090	566.8980	429.5990	242.7900	294.7420	292.5000	2457.9500	734.1000	619.0000	478.2500	-5.0000	145.0000	355.0100	1058.0000	108.8840	
921225600000.0000	164.5000	975.5000	142.6640	146.4110	213.5000	735.2330	299.3570	51.0000	642.9260	516.7060	295.9980	187.5500	316.8990	174.0000	2353.5500	754.1000	532.5000	414.0000	-5.0000	276.0000	329.3890	1084.5000	83.8410	
925282800000.0000	186.7500	1160.0000	135.9030	144.2480	218.5000	847.5840	347.7300	56.0000	652.3090	513.6260	379.9990	210.2700	365.2770	285.5000	2449.1700	723.1000	573.0000	450.0000	-5.0000	319.5000	329.5830	1077.0000	91.1000	
928393200000.0000	183.7500	1125.5000	138.5480	132.3470	218.5000	778.6040	334.9320	61.0000	686.4320	588.7610	381.0000	216.5060	317.3050	265.0000	2408.1900	792.5000	600.0000	420.0000	-5.0000	171.0000	335.7950	1080.0000	102.8350	
916819200000.0000	184.0000	914.0000	153.6370	99.1700	184.0000	583.2300	375.9310	63.0000	659.1340	596.1510	237.5990	159.4840	274.4150	170.5000	2765.3200	798.5000	630.0000	410.0000	-5.0000	320.0000	429.1570	993.0000	85.2920	
919929600000.0000	175.0000	877.0000	143.0550	123.3320	183.0000	673.2760	309.5510	55.0000	656.0070	562.2790	272.0000	171.9580	337.4290	179.0000	2559.4300	809.0000	578.0000	442.7500	-5.0000	308.0000	348.2170	1098.0000	84.2040	
946540800000.0000	188.2500	622.5000	176.6060	144.5840	366.0000	1235.0300	303.0440	102.0000	174.4800	378.7530	730.5980	222.7430	239.6560	433.5000	2505.7700	642.3000	494.2500	448.7500	-5.0000	133.0000	365.6850	1513.0000	141.5490	
923986800000.0000	169.2500	1051.0000	135.0210	126.9380	210.0000	743.9070	323.6520	54.0000	689.2770	509.6230	330.9990	188.8860	349.2190	232.5000	2665.7900	731.1000	580.0000	519.0000	-5.0000	309.5000	353.2630	1075.0000	81.3000	
935737200000.0000	177.0000	1153.0000	152.1680	159.8620	276.0000	923.1720	366.1690	75.0000	737.6170	562.2790	517.6000	261.0540	347.9990	356.5000	2448.2000	738.6000	585.0000	427.0000	-5.0000	155.5000	329.1950	995.0000	133.6450	
915523200000.0000	158.5000	916.0000	145.7990	90.1550	180.0000	583.2300	389.3800	54.0000	631.5520	591.2240	235.0000	147.4560	332.1440	177.5000	2706.7700	793.5000	607.0000	379.0000	-5.0000	273.0000	380.2440	988.5000	83.3330	
945244800000.0000	175.5000	633.0000	156.5170	119.6170	357.5000	1119.3700	285.9070	98.0000	170.0440	373.2100	705.5990	230.7620	219.5320	390.5000	2446.2400	589.9000	503.0000	439.5000	-5.0000	124.0000	348.2170	1351.0000	148.2430	
942134400000.0000	178.5000	596.0000	129.7300	109.9280	322.5000	838.4960	312.3710	73.0000	183.4090	527.4830	562.5980	213.8340	225.2230	466.5000	2783.8600	572.4000	548.5000	422.7500	-5.0000	133.5000	379.0790	1116.0000	138.3230	
934441200000.0000	172.7500	1226.0000	148.6410	139.7390	230.5000	1061.1300	328.6410	66.0000	672.2150	540.4160	605.5980	274.4190	300.4340	331.5000	2189.6200	738.6000	540.0000	414.0000	-5.0000	156.0000	301.8270	954.0000	119.2080	
931330800000.0000	171.2500	1197.0000	149.3270	150.1730	222.0000	1007.4300	362.0480	66.0000	777.9940	614.6270	485.0000	250.8090	311.0040	298.0000	2357.4500	874.4000	650.0000	432.7500	-5.0000	148.5000	337.5410	1124.0000	123.8050	
922867200000.0000	163.7500	1048.5000	142.6640	135.2320	215.0000	710.0370	332.9790	50.0000	654.5850	517.0140	299.6000	183.0940	331.7370	256.5000	2857.0400	738.6000	560.0000	408.5000	-5.0000	310.0000	350.7400	1011.0000	79.1220	
926924400000.0000	184.2500	1093.0000	140.9000	133.7900	210.0000	793.0610	351.4190	69.0000	665.9590	556.4280	361.9990	201.3600	308.1580	301.5000	2389.6500	714.7000	608.5000	441.5000	-5.0000	329.0000	330.3590	1011.0000	95.9800	
930034800000.0000	173.5000	1162.0000	149.4250	158.3710	211.5000	838.4960	329.9430	67.0000	767.1890	571.8250	416.5990	231.2070	294.7420	287.5000	2501.8600	763.6000	626.5000	394.0000	-5.0000	146.0000	346.4700	1099.0000	110.3350	
918460800000.0000	182.2500	894.5000	141.8800	126.2170	194.0000	652.6230	332.5460	54.0000	612.2170	566.5900	252.0000	167.0580	293.7260	170.0000	2555.5300	788.0000	607.5000	463.7500	-5.0000	317.0000	381.6020	935.0000	84.4210	
921571200000.0000	159.7500	969.5000	139.5280	150.0170	217.5000	729.8640	302.8270	57.0000	636.6700	508.0840	295.0000	192.0050	319.1350	179.0000	2396.4800	747.6000	528.5000	404.0000	-5.0000	275.5000	322.9840	1039.0000	81.8800	
937378800000.0000	190.2500	1144.0000	147.8570	146.4470	291.0000	888.4760	370.2900	81.0000	717.7110	559.8160	497.5980	239.6710	296.3680	389.0000	2364.2800	695.7000	582.5000	465.0000	-5.0000	152.0000	328.8060	889.0000	134.1290	
932972400000.0000	163.2500	1184.0000	142.1730	139.3670	225.5000	895.4980	316.7100	72.0000	740.4600	571.8250	531.9990	279.7650	310.3940	339.0000	2188.6400	802.0000	595.0000	367.5000	-5.0000	155.5000	328.6130	1051.0000	107.5130	
925455600000.0000	184.7500	1179.0000	136.6870	143.8870	221.0000	896.7370	342.7410	55.0000	651.1730	503.4640	421.9990	216.0610	345.1540	297.5000	2374.0400	701.7000	583.5000	450.0000	-5.0000	318.0000	334.0480	1044.0000	91.6810	
940316400000.0000	188.5000	556.0000	131.2000	121.1070	282.5000	831.8880	326.6890	65.0000	155.5420	552.1180	512.0000	222.7430	243.3150	406.0000	2750.6800	604.9000	569.5000	401.2500	-5.0000	136.7500	345.6940	986.0000	140.5010	
924159600000.0000	167.2500	1072.5000	141.2920	126.9380	210.5000	829.4090	325.3880	54.0000	667.6660	517.6290	374.9990	208.4870	359.1790	234.0000	2585.7800	737.1000	565.0000	503.5000	-5.0000	296.0000	341.6170	1084.0000	80.5740	
939020400000.0000	187.0000	577.5000	138.8430	137.5040	280.5000	861.6270	325.1710	73.0000	158.9540	560.4320	508.9990	229.8700	259.3730	398.0000	2487.2300	666.7000	579.5000	422.2500	-5.0000	149.0000	335.6000	920.0000	129.2890	
915696000000.0000	169.7500	921.0000	152.0700	102.4160	181.5000	587.3610	402.6130	49.0000	611.6480	589.9920	240.0000	147.9020	334.5840	186.5000	2698.9700	798.5000	618.0000	408.5000	-5.0000	289.0000	392.8600	990.0000	85.6550	
945417600000.0000	179.2500	643.5000	154.6400	121.4800	357.5000	1205.2900	285.4730	104.0000	177.0400	363.9720	754.5990	231.6530	230.1020	428.5000	2486.2500	634.8000	516.0000	448.0000	-5.0000	121.5000	365.2970	1381.5000	143.5650	
942307200000.0000	183.0000	614.0000	130.9060	109.5560	327.5000	900.4540	303.6950	71.0000	180.4520	532.7180	554.9990	219.1790	218.1100	468.0000	2855.0900	577.4000	552.5000	419.5000	-5.0000	133.5000	390.7240	1254.0000	139.2910	
931503600000.0000	167.7500	1220.0000	158.8310	149.8010	222.0000	961.5860	360.7470	88.0000	762.0710	613.7030	479.0000	247.2450	321.3710	298.0000	2345.7400	870.9000	649.0000	428.5000	-5.0000	149.0000	340.8410	1107.0000	121.7890	
923040000000.0000	166.0000	1009.5000	144.4280	130.9050	214.5000	708.3850	333.8480	51.0000	672.2150	528.4070	300.6000	182.2040	329.7050	254.0000	2963.4000	745.1000	561.5000	411.0000	-5.0000	310.0000	363.3560	1028.0000	81.8800	
927097200000.0000	182.0000	1100.0000	141.6840	133.7900	211.5000	830.6480	356.1910	61.0000	694.9640	568.7460	392.0000	224.9700	327.6720	300.0000	2371.1100	706.7000	584.5000	444.5000	-5.0000	329.5000	327.4490	1096.0000	101.6250	
930207600000.0000	167.7500	1162.0000	152.8540	157.2530	222.0000	832.3010	333.4140	67.0000	723.3980	580.4470	410.9990	222.7430	288.8470	286.0000	2453.0700	739.1000	625.0000	395.0000	-5.0000	137.5000	339.6760	1123.0000	110.9010	
918633600000.0000	181.5000	866.0000	138.6460	121.8890	191.5000	669.9710	322.5680	53.0000	605.1070	570.9010	268.0000	159.0380	296.5720	169.0000	2492.1000	810.5000	621.0000	480.0000	-5.0000	329.0000	384.1250	908.0000	85.1470	
921744000000.0000	159.0000	1028.0000	138.5480	141.0020	216.0000	703.8410	302.6100	54.0000	609.3720	500.6930	283.6000	190.2220	308.1580	187.5000	2536.0100	725.6000	543.0000	439.2500	-5.0000	298.5000	334.8230	974.0000	79.4850	
925801200000.0000	193.0000	1175.5000	140.4100	144.2480	219.5000	874.0190	350.5500	57.0000	631.2670	515.7820	401.5990	216.0610	340.0710	301.5000	2360.3800	735.1000	582.5000	437.0000	-5.0000	313.5000	343.1700	1031.0000	92.1890	
937551600000.0000	189.0000	1110.0000	148.5430	145.7020	285.0000	843.0400	358.1440	80.0000	712.5930	568.7460	499.9990	255.7090	287.6280	389.0000	2439.4100	704.2000	578.0000	358.7500	-5.0000	163.5000	340.6460	948.0000	135.9040	
917337600000.0000	177.2500	857.0000	148.3470	100.2520	184.5000	592.3170	371.3750	65.0000	659.4190	581.9860	228.0000	160.8210	283.7660	158.5000	2802.4000	779.5000	621.5000	403.2500	-5.0000	300.0000	395.5770	943.5000	89.1400	
943948800000.0000	169.5000	638.0000	129.1420	122.2250	343.5000	1016.1100	268.5530	90.0000	167.9400	484.0650	605.9980	222.0300	204.4910	421.5000	2730.1900	583.9000	463.0000	419.0000	-5.0000	128.0000	373.8390	1258.5000	150.0180	
933145200000.0000	161.7500	1186.0000	143.8400	135.2680	216.5000	934.3250	329.0750	75.0000	746.7160	563.2030	540.9980	279.3200	309.9880	334.0000	2323.3000	798.5000	585.5000	343.0000	-5.0000	156.0000	318.9070	1130.0000	112.7560	
928738800000.0000	187.2500	1135.0000	145.9950	133.7900	217.5000	789.3430	343.6090	64.0000	729.0850	602.3100	384.9990	217.3970	306.5320	265.0000	2394.5300	796.5000	631.0000	395.5000	-5.0000	168.0000	347.2460	1099.0000	104.8510	
940489200000.0000	184.2500	575.0000	130.5140	117.7540	291.0000	800.4960	312.3710	56.0000	154.0070	542.8800	509.9990	228.3560	235.7930	415.0000	2751.6600	613.3000	559.5000	405.5000	-5.0000	137.0000	349.3810	1013.0000	137.7580	
920275200000.0000	168.7500	862.5000	140.5080	121.5290	198.0000	660.8840	313.6740	71.0000	635.2500	551.8100	268.9990	175.5220	334.3800	175.0000	2469.6600	776.0000	582.0000	454.2500	-5.0000	305.5000	346.2750	1063.0000	85.2920	
939193200000.0000	187.0000	558.0000	140.3120	137.5040	276.5000	920.2810	330.5930	79.0000	160.9450	574.2880	540.9980	230.7620	258.5600	398.5000	2606.2700	669.7000	577.0000	433.7500	-5.0000	149.5000	337.1520	956.5000	128.4020	
936082800000.0000	184.2500	1155.0000	146.6820	157.9990	270.0000	925.2380	372.2430	67.0000	713.1620	557.3520	506.6000	261.5000	337.8350	356.5000	2410.1400	737.1000	571.0000	420.7500	-5.0000	154.5000	322.4010	953.0000	133.6450	
934786800000.0000	177.5000	1233.0000	148.9340	150.9180	238.5000	1040.4800	344.0430	61.0000	700.6510	543.8030	557.9990	269.5190	301.2470	331.0000	2269.6300	735.6000	578.0000	425.5000	-5.0000	157.5000	302.7970	949.0000	118.9660	
927270000000.0000	176.7500	1138.5000	140.6060	133.7900	212.5000	855.0190	345.7780	52.0000	718.8490	552.1180	409.9980	223.1890	323.8100	299.5000	2460.8800	695.2000	609.0000	481.0000	-5.0000	335.5000	335.7950	1137.0000	99.0440	
918806400000.0000	180.0000	853.5000	137.4700	121.1680	192.5000	691.4500	331.4610	57.0000	634.3960	564.1260	270.5990	160.3750	298.1980	180.0000	2508.6900	810.0000	603.5000	359.5000	-5.0000	329.0000	370.3440	1044.5000	85.6550	
925974000000.0000	189.5000	1126.0000	149.9150	142.4440	221.0000	828.1700	365.0850	60.0000	615.9130	569.0540	386.6000	206.7060	338.0390	307.5000	2325.2500	769.1000	625.5000	449.0000	-5.0000	320.5000	349.9640	996.0000	91.1000	
940834800000.0000	179.5000	574.5000	137.5690	114.7730	295.5000	809.5830	311.9380	88.0000	149.8550	548.7300	514.5990	228.0890	225.2230	420.0000	2734.0900	600.4000	557.5000	379.5000	-5.0000	145.0000	351.9040	1053.0000	140.5010	
917510400000.0000	185.2500	836.0000	146.7800	108.5460	188.0000	604.2960	367.4710	75.0000	675.9110	580.7550	228.0000	163.9390	292.1000	163.5000	2770.2000	765.1000	601.0000	407.0000	-5.0000	304.5000	382.9610	927.0000	89.2850	
944121600000.0000	176.0000	623.5000	127.2810	121.8530	356.0000	1059.8900	292.1980	76.0000	171.0680	450.5010	612.5990	219.6250	203.8810	413.5000	2660.9100	568.4000	505.0000	354.7500	-5.0000	123.0000	382.1840	1392.0000	147.3560	
933318000000.0000	162.2500	1207.0000	145.4070	134.8950	210.0000	966.9560	327.5570	63.0000	748.4220	561.3550	517.6000	276.2020	308.9710	326.0000	2240.3600	798.5000	593.5000	420.2500	-5.0000	155.0000	322.2070	1075.0000	113.3200	
942825600000.0000	188.2500	636.0000	138.6460	123.3430	334.0000	1031.8100	299.1400	80.0000	157.5330	488.6840	606.9990	226.1290	217.9070	465.0000	2738.0000	549.0000	508.0000	425.7500	-5.0000	124.0000	381.0200	1217.5000	134.9350	
928911600000.0000	186.7500	1123.0000	154.1280	140.2810	215.0000	781.9080	345.3440	54.0000	746.1470	562.2790	386.0000	210.2700	304.7020	277.0000	2469.6600	759.6000	627.0000	394.5000	-5.0000	165.0000	358.6980	1110.0000	108.7230	
932022000000.0000	166.2500	1285.0000	148.8360	146.8190	227.5000	934.3250	343.8260	52.0000	758.6590	599.2300	496.5980	261.5000	306.9380	298.0000	2250.1200	842.4000	636.0000	449.5000	-5.0000	163.5000	347.0520	1141.0000	120.3370	
920448000000.0000	163.0000	857.0000	135.8050	121.5290	195.0000	655.5140	306.7320	75.0000	623.8750	556.1200	264.9990	175.0760	309.1740	174.0000	2425.7500	778.5000	571.0000	474.0000	-5.0000	296.5000	342.9760	1066.0000	84.9290	
924505200000.0000	180.0000	1182.5000	135.1190	138.8380	214.5000	880.6280	360.0960	71.0000	633.5430	505.0040	414.6000	233.4340	352.2680	262.5000	2547.7200	725.1000	574.0000	405.0000	-5.0000	308.0000	333.2710	1019.0000	82.3890	
936255600000.0000	188.5000	1155.0000	147.2690	157.6260	272.5000	925.2380	375.4970	50.0000	684.1590	553.6570	523.0000	273.9740	325.2330	356.5000	2360.3800	713.2000	579.5000	502.5000	-5.0000	153.5000	327.6420	947.0000	136.4680	
939366000000.0000	188.2500	540.0000	136.8830	138.9940	282.5000	897.1500	325.1710	56.0000	172.4900	583.2180	523.9980	243.2350	257.7470	400.0000	2711.6500	664.8000	585.0000	428.5000	-5.0000	152.0000	352.2930	995.5000	129.8550	
916041600000.0000	176.0000	889.0000	150.6980	106.0220	182.5000	582.8170	403.9140	102.0000	607.0980	580.1390	236.5990	167.5020	331.3310	181.5000	2743.8500	790.5000	611.0000	415.5000	-5.0000	307.5000	392.8600	939.5000	84.2040	
919152000000.0000	179.2500	856.5000	136.5880	120.4470	192.0000	653.4490	329.7260	74.0000	643.4950	562.2790	270.9990	168.8390	298.8070	182.5000	2553.5800	815.0000	633.0000	380.5000	-5.0000	323.5000	359.0860	1076.5000	84.0590	
945763200000.0000	180.5000	627.0000	166.8920	127.4420	361.0000	1154.0700	298.9230	67.0000	169.7600	361.5090	708.5980	229.8700	225.8340	434.0000	2441.3700	625.3000	512.7500	440.2500	-5.0000	121.0000	366.4620	1447.0000	138.5650	
942652800000.0000	186.5000	609.0000	130.2200	118.1260	326.0000	910.3680	308.4670	79.0000	166.3480	518.8610	556.9980	213.8340	224.0040	470.0000	2815.0800	575.4000	523.5000	433.5000	-5.0000	134.5000	379.6610	1286.0000	141.7910	
934959600000.0000	175.2500	1238.0000	146.7800	155.3900	239.5000	1021.0700	347.2960	67.0000	669.3710	523.7880	524.9980	265.9550	300.0270	331.0000	2270.6100	724.6000	567.5000	413.2500	-5.0000	165.5000	309.5910	950.0000	120.0140	
931849200000.0000	163.0000	1239.0000	151.3850	147.1920	223.0000	923.9980	344.6930	55.0000	742.7350	606.3130	495.9980	260.6100	308.7680	298.0000	2258.9000	845.4000	633.5000	388.7500	-5.0000	155.5000	333.4650	1098.0000	118.9660	
930553200000.0000	168.5000	1146.0000	149.6210	155.0170	220.5000	857.0840	346.8620	67.0000	733.6370	576.1360	430.0000	223.1890	295.9620	303.5000	2450.1500	769.1000	638.5000	347.5000	-5.0000	144.5000	345.3060	1090.0000	116.1430	
922089600000.0000	163.5000	1003.0000	136.9810	143.8870	217.5000	696.4060	326.6890	79.0000	597.7130	540.7240	273.9980	186.6580	306.9380	195.0000	2615.0500	758.6000	579.0000	418.0000	-5.0000	312.5000	337.7350	1012.0000	81.0830	
941007600000.0000	180.0000	575.0000	130.7090	114.4000	307.0000	844.2790	308.6840	75.0000	154.6890	536.1050	524.5980	209.2000	222.9870	420.0000	2683.3500	605.9000	570.0000	468.5000	-5.0000	141.0000	357.3390	1068.5000	140.7430	
937897200000.0000	184.5000	1089.0000	145.6040	144.9560	279.5000	859.1490	341.2230	77.0000	750.1290	580.1390	479.6000	236.9980	266.4870	405.0000	2488.2000	697.2000	585.0000	345.7500	-5.0000	149.0000	333.8540	935.0000	129.6130	
936601200000.0000	197.0000	1172.0000	151.4830	156.5080	277.4990	957.4560	386.9940	65.0000	733.6370	548.1140	534.9980	271.7460	327.2650	355.5000	2456.9800	731.1000	570.0000	427.2500	-5.0000	147.7500	321.4310	986.0000	137.5160	
942998400000.0000	170.5000	627.0000	139.8220	123.3430	331.5000	1016.1100	276.1460	55.0000	156.6800	482.2180	604.9980	225.8620	193.5130	456.0000	2721.4100	544.0000	515.0000	410.0000	-5.0000	125.0000	372.4790	1267.0000	125.5800	
929084400000.0000	190.7500	1165.0000	151.1880	144.9560	215.0000	880.2150	338.8370	54.0000	738.1860	581.3700	421.9990	211.6060	300.4340	291.5000	2471.6100	767.6000	624.5000	421.7500	-5.0000	164.0000	357.1460	1076.0000	110.3350	
920620800000.0000	165.0000	936.0000	139.1370	126.9380	201.5000	676.9930	313.4560	60.0000	634.6810	572.1330	273.9980	181.7580	309.5810	174.0000	2374.0400	800.0000	581.5000	407.2500	-5.0000	300.0000	335.4060	1074.0000	85.5100	
924678000000.0000	190.0000	1087.0000	140.6060	141.0020	216.0000	824.4530	350.5500	52.0000	611.3630	492.6870	375.6000	229.4260	374.8310	275.0000	2551.6300	711.2000	557.0000	494.5000	-5.0000	305.0000	324.5370	970.0000	81.6630	
927788400000.0000	181.5000	1131.0000	134.4330	132.7080	218.5000	763.3210	332.3290	54.0000	689.8460	551.8100	392.0000	218.7340	320.7610	284.0000	2387.7000	741.6000	574.0000	412.0000	-5.0000	166.5000	323.3720	1036.0000	100.8190	
916214400000.0000	180.7500	883.5000	149.0330	103.8580	182.5000	591.9040	400.4440	-5.0000	591.1750	577.6760	238.5990	154.1380	319.9480	175.0000	2608.2200	779.0000	606.0000	-5.0000	-5.0000	314.0000	386.0660	902.5000	84.9290	
919324800000.0000	174.0000	828.5000	139.3320	120.4470	188.5000	644.3620	327.7740	-5.0000	637.5230	557.9680	262.0000	173.2940	298.1980	184.0000	2537.9700	819.0000	608.5000	-5.0000	-5.0000	326.5000	350.9340	1072.0000	88.3410	
