#
# unknown PARAMETER set 
#
#
# TimeSeriesTable of series:
#
# TT.L_Close [261,261] Werte
# TSCO.L_Close [261,261] Werte
# BP.L_Close [261,261] Werte
# BG.L_Close [261,261] Werte
# MGGT.L_Close [261,261] Werte
# AGK.L_Close [261,261] Werte
# RIO.L_Close [261,261] Werte
# SBRY.L_Close [261,261] Werte
# TLW.L_Close [261,261] Werte
# CCL.L_Close [261,261] Werte
# VOD.L_Close [261,261] Werte
# SVT.L_Close [261,261] Werte
# BLT.L_Close [261,261] Werte
# REX.L_Close [261,261] Werte
# MKS.L_Close [261,261] Werte
# ANTO.L_Close [261,261] Werte
# AZN.L_Close [261,261] Werte
# UU.L_Close [261,261] Werte
# SSE.L_Close [261,261] Werte
# RDSB.L_Close [261,261] Werte
# BA.L_Close [261,261] Werte
# AAL.L_Close [261,261] Werte
# MRW.L_Close [261,261] Werte
# NG.L_Close [261,261] Werte
# MNDI.L_Close [261,261] Werte
# BT-A.L_Close [261,261] Werte
# CNA.L_Close [261,261] Werte
# EZJ.L_Close [261,261] Werte
#
#
Y	Y	Y	Y	Y	Y	Y	Y	Y	Y	Y	Y	Y	Y	Y	Y	Y	Y	Y	Y	Y	Y	Y	Y	Y	Y	Y	Y	
1370847600000.0000	346.2000	350.0000	461.8500	1170.0000	527.0000	1665.9950	2740.0000	363.7000	1012.0000	2147.0000	109.0500	1946.0000	3614.0000	511.5010	451.4000	911.0000	3308.0000	734.5000	1514.0000	2193.5000	404.2000	1421.5000	263.5000	743.5000	810.5000	308.0000	367.8000	1226.0000	
1382598000000.0000	382.6000	371.0000	450.1500	1240.5000	562.0000	1528.0020	3235.0000	396.1000	959.0000	2195.0000	130.1780	1860.0000	3900.0000	508.5010	476.7000	874.0000	3225.0000	718.0000	1422.0000	2218.5000	454.4000	1506.0000	282.3000	779.0000	1116.0000	362.7000	356.7000	1348.0000	
1358409600000.0000	291.7000	349.0500	461.0000	1096.5000	431.0000	1817.9990	3439.5000	328.0000	1180.0000	2525.0000	91.3630	1578.0000	4123.0000	465.3000	362.8000	1281.0000	3070.5000	711.0000	1433.0000	2242.0000	344.6000	1892.0000	255.6000	682.5000	721.5000	244.8000	338.4000	869.0000	
1361520000000.0000	322.0000	372.2500	444.0500	1170.5000	457.8000	1719.0020	3476.0000	345.0000	1241.0000	2408.0000	92.7280	1620.0000	4188.0000	503.0000	377.6000	1084.0000	2952.5000	740.0000	1442.0000	2200.0000	349.8000	1942.0000	262.1000	715.5000	862.0000	277.1000	350.1000	999.5000	
1363330800000.0000	319.6000	385.1500	449.6500	1178.0000	480.2000	1989.0010	3312.0000	362.8000	1249.0000	2379.0000	104.2160	1647.0000	4130.0000	526.5000	372.5000	1082.0000	3069.5000	689.0000	1464.0000	2240.0000	383.1000	1892.5000	271.3000	734.0000	877.0000	272.3000	352.0000	1072.0000	
1381302000000.0000	359.2000	354.7500	433.4500	1157.5000	528.5000	1460.9950	2957.5000	384.2000	975.5000	2030.0000	122.2730	1754.0000	3543.0000	475.8000	468.7000	830.5000	3113.0000	688.5000	1454.0000	2077.5000	440.0000	1448.5000	274.4000	743.5000	1022.0000	342.7000	360.8000	1216.0000	
1378191600000.0000	345.7000	369.8500	441.8500	1247.0000	526.5000	1621.0030	3058.5000	386.0000	1043.0000	2385.0000	115.1640	1723.0000	3872.0000	499.8000	480.0000	893.5000	3154.0000	681.5000	1568.0000	2159.5000	438.9000	1544.5000	289.8000	747.0000	1038.0000	337.9000	393.1000	1280.0000	
1388131200000.0000	409.3000	340.0000	488.7000	1297.0000	529.5000	1723.9990	3379.0000	378.4000	850.5000	2497.0000	135.3250	1709.0000	3736.0000	522.0000	450.2000	830.5000	3605.0000	669.0000	1374.0000	2274.5000	440.0000	1309.5000	267.7000	790.5000	1026.0000	380.6000	347.5000	1536.0000	
1385020800000.0000	389.3000	353.7000	489.3500	1247.0000	495.5000	1558.0030	3246.5000	404.8000	885.0000	2231.0000	130.7750	1820.0000	3819.0000	486.9010	489.2000	797.0000	3400.5000	673.5000	1371.0000	2199.0000	428.9000	1384.5000	266.5000	773.5000	1007.0000	379.6000	343.0000	1413.0000	
1383724800000.0000	383.6000	363.3500	484.4500	1276.0000	503.5000	1553.9960	3325.0000	397.0000	932.0000	2286.0000	131.1450	1776.0000	3966.0000	522.5000	499.4000	858.0000	3299.0000	691.0000	1401.0000	2174.5000	455.8000	1555.5000	281.0000	783.5000	1070.0000	374.5000	353.2000	1214.0000	
1376895600000.0000	361.6000	366.3000	439.5000	1164.0000	532.5000	1670.0030	3055.0000	388.4000	1034.0000	2423.0000	107.9700	1699.0000	3912.0000	503.0000	459.5000	922.0000	3186.5000	684.0000	1558.0000	2125.0000	440.4000	1492.5000	286.2000	733.5000	1027.0000	322.2000	385.5000	1267.0000	
1361347200000.0000	330.0000	374.4000	447.7500	1160.0000	458.7000	1738.9990	3646.5000	335.1000	1244.0000	2480.0000	92.4150	1622.0000	4367.0000	502.0000	385.9000	1068.0000	2955.0000	736.5000	1441.0000	2216.0000	332.2000	1951.0000	262.3000	710.0000	845.0000	281.0000	354.0000	1015.0000	
1369378800000.0000	358.5000	380.0000	476.4000	1194.0000	523.5000	1731.0040	2867.0000	378.0000	1025.0000	2237.0000	110.6430	2071.0000	3846.0000	523.5000	475.0000	961.0000	3428.0000	787.0000	1606.0000	2287.0000	414.1000	1556.5000	280.0000	836.0000	902.5000	307.7000	389.7000	1250.0000	
1360051200000.0000	300.4000	359.2000	468.7000	1142.0000	435.0000	1580.9990	3625.0000	331.0000	1184.0000	2561.0000	97.3920	1620.0000	4326.0000	468.0000	376.2000	1113.0000	3068.0000	733.0000	1415.0000	2256.0000	333.4000	1932.0000	251.9000	697.0000	769.5000	268.9000	345.1000	948.5000	
1364972400000.0000	321.3000	377.7000	461.9000	1147.5000	491.0000	1787.9980	3024.5000	383.1000	1214.0000	2268.0000	105.8660	1697.0000	3800.0000	539.0000	392.0000	952.5000	3302.0000	708.0000	1511.0000	2195.0000	390.0000	1650.0000	279.2000	783.0000	880.5000	278.5000	375.6000	1127.0000	
1368082800000.0000	340.6000	376.6500	465.5000	1202.0000	499.6000	1755.9980	3091.0000	378.8000	1038.0000	2388.0000	109.4200	1821.0000	3855.0000	522.5000	421.6000	931.5000	3326.5000	743.5000	1576.0000	2321.0000	381.3000	1667.0000	288.4000	821.0000	890.5000	275.7000	378.0000	1153.0000	
1386662400000.0000	378.3000	331.9500	473.1500	1236.5000	494.6000	1580.9990	3256.0000	385.7000	853.5000	2148.0000	131.2020	1666.0000	3615.0000	480.0000	458.6000	765.5000	3450.0000	641.5000	1309.0000	2164.0000	415.4000	1316.0000	264.0000	748.5000	975.0000	368.6000	324.5000	1440.0000	
1363676400000.0000	311.3000	380.0500	449.7000	1187.0000	482.5000	1949.9960	3107.0000	371.4000	1224.0000	2265.0000	106.6900	1673.0000	3963.0000	525.5000	398.1000	1050.0000	3064.5000	695.5000	1480.0000	2220.0000	393.4000	1820.0000	269.7000	746.5000	872.0000	269.9000	355.0000	1060.0000	
1375426800000.0000	387.8000	371.2500	455.4000	1193.5000	553.0000	1586.9950	3036.0000	393.5000	1068.0000	2568.0000	113.3720	1787.0000	3789.0000	515.0000	488.8000	901.0000	3332.5000	725.0000	1575.0000	2190.5000	452.1000	1457.0000	290.4000	783.5000	981.0000	339.6000	390.1000	1448.0000	
1385366400000.0000	362.8000	354.2500	490.1000	1259.0000	497.1000	1556.9940	3164.0000	408.9000	874.5000	2272.0000	130.6610	1785.0000	3750.0000	493.5010	498.9000	789.5000	3437.5000	665.5000	1369.0000	2200.0000	432.3000	1371.5000	266.6000	784.5000	999.0000	374.5000	343.2000	1434.0000	
1367910000000.0000	335.0000	370.0000	473.6500	1157.0000	483.7000	1692.9980	3072.5000	396.5000	1009.0000	2390.0000	110.5290	1828.0000	3766.0000	509.0000	410.7000	989.5000	3315.0000	741.0000	1568.0000	2288.0000	374.7000	1623.0000	292.7000	820.0000	858.5000	281.9000	374.0000	1138.0000	
1371020400000.0000	339.4000	342.5500	454.7500	1173.5000	522.0000	1652.0040	2690.0000	365.1000	1016.0000	2160.0000	102.9370	1765.0000	3524.0000	499.7010	439.6000	879.5000	3264.5000	728.0000	1504.0000	2189.0000	389.3000	1374.5000	262.9000	747.5000	774.0000	309.3000	368.1000	1214.0000	
1366614000000.0000	304.8000	368.1000	446.6500	1030.5000	466.0000	1761.9950	2888.5000	380.0000	1046.0000	2261.0000	110.7850	1788.0000	3525.0000	512.5000	400.1000	892.5000	3350.0000	742.0000	1531.0000	2150.5000	373.3000	1592.5000	283.2000	797.5000	849.0000	276.6000	385.1000	1124.0000	
1381474800000.0000	369.6000	357.9000	439.6500	1190.5000	541.0000	1477.0050	3079.5000	388.5000	997.0000	2058.0000	125.0020	1786.0000	3630.0000	478.0000	477.7000	859.0000	3176.5000	700.0000	1451.0000	2115.0000	436.3000	1512.0000	275.6000	748.0000	1052.0000	348.1000	363.3000	1272.0000	
1378364400000.0000	335.4000	367.2000	445.7500	1280.0000	533.0000	1598.9980	3098.5000	388.4000	1033.0000	2340.0000	119.7420	1698.0000	3825.0000	498.5010	494.9000	881.0000	3143.5000	681.5000	1574.0000	2162.5000	445.1000	1571.0000	294.0000	738.5000	1055.0000	342.5000	393.8000	1236.0000	
1357286400000.0000	286.9000	349.4500	453.5000	1038.0000	406.5000	1765.0020	3613.0000	333.8000	1275.0000	2420.0000	91.0220	1610.0000	4365.0000	451.8000	376.4000	1343.0000	3000.0000	684.5000	1466.0000	2219.5000	352.7000	2002.0000	256.9000	711.0000	700.5000	242.8000	341.0000	821.0000	
1383897600000.0000	382.2000	366.0500	477.6500	1266.5000	516.0000	1566.9980	3319.0000	395.0000	901.0000	2314.0000	130.0930	1770.0000	3940.0000	525.5000	500.0000	836.5000	3278.0000	684.0000	1395.0000	2139.0000	457.0000	1492.5000	278.4000	774.0000	1019.0000	372.1000	350.0000	1225.0000	
1377068400000.0000	354.6000	363.2000	432.5500	1147.0000	534.5000	1654.0030	2987.0000	386.0000	1006.0000	2427.0000	108.0550	1696.0000	3746.0000	496.3010	457.0000	895.0000	3183.5000	684.0000	1547.0000	2108.5000	440.9000	1474.0000	284.6000	740.0000	1015.0000	327.4000	386.2000	1271.0000	
1373958000000.0000	365.5000	355.5000	465.2000	1190.0000	551.5000	1769.9990	2883.0000	380.8000	1092.0000	2473.0000	110.0170	1746.0000	3664.0000	486.5000	460.5000	833.0000	3269.5000	713.0000	1616.0000	2308.0000	428.6000	1324.0000	282.3000	762.0000	920.0000	338.4000	379.9000	1350.0000	
1372662000000.0000	364.9000	333.0000	457.9500	1130.0000	533.0000	1682.0050	2734.5000	358.8000	1049.0000	2328.0000	107.2590	1680.0000	3429.0000	496.0000	442.1000	832.5000	3151.0000	685.0000	1528.0000	2185.0000	397.4000	1292.0000	260.2000	744.0000	834.5000	317.5000	360.1000	1347.0000	
1357113600000.0000	287.7000	342.7500	431.3000	1022.0000	402.8000	1769.0000	3691.0000	336.0000	1281.0000	2399.0000	89.5440	1605.0000	4417.0000	446.8000	382.7000	1381.0000	2969.0000	685.5000	1439.0000	2179.5000	350.5000	2003.5000	257.4000	706.5000	686.0000	237.2000	340.8000	794.0000	
1360224000000.0000	306.3000	360.3500	456.8000	1111.0000	436.5000	1556.9940	3660.0000	328.8000	1178.0000	2594.0000	97.7330	1618.0000	4310.0000	460.2000	378.0000	1124.0000	3021.5000	726.0000	1405.0000	2202.5000	337.2000	1937.0000	248.6000	689.0000	775.5000	267.0000	340.4000	958.5000	
1365145200000.0000	298.6000	369.0500	447.1000	1114.0000	468.2000	1728.9960	2951.0000	370.9000	1154.0000	2217.0000	103.8460	1649.0000	3759.0000	515.0000	376.8000	961.0000	3282.5000	705.0000	1509.0000	2145.0000	386.3000	1639.5000	272.9000	781.0000	837.0000	265.8000	374.1000	1027.0000	
1383116400000.0000	385.5000	369.0000	482.0000	1245.5000	566.5000	1596.9990	3200.5000	400.1000	947.0000	2224.0000	128.5860	1876.0000	3904.0000	522.0000	493.2000	897.5000	3330.0000	714.0000	1428.0000	2277.0000	452.9000	1534.0000	285.4000	786.0000	1120.0000	369.5000	358.3000	1321.0000	
1380006000000.0000	356.5000	374.0000	442.3000	1208.0000	557.0000	1620.0040	3106.5000	398.0000	1065.0000	2258.0000	121.1920	1811.0000	3720.0000	489.1000	503.5000	850.0000	3218.0000	703.0000	1580.0000	2150.0000	450.9000	1545.5000	287.6000	746.5000	1077.0000	342.5000	396.7000	1298.0000	
1386835200000.0000	379.4000	325.2000	470.7500	1219.0000	491.6000	1549.9990	3192.0000	386.9000	836.0000	2146.0000	130.0360	1674.0000	3509.0000	475.6000	458.3000	761.0000	3458.0000	655.5000	1324.0000	2176.5000	420.9000	1275.0000	260.0000	750.0000	904.5000	368.7000	325.1000	1453.0000	
1363849200000.0000	314.1000	373.2000	449.4000	1160.0000	485.8000	1916.9960	3144.5000	367.9000	1255.0000	2273.0000	104.3870	1680.0000	3922.0000	524.5000	390.0000	1048.0000	3133.0000	709.0000	1488.0000	2210.0000	384.7000	1756.0000	270.0000	743.5000	875.0000	266.3000	352.5000	1028.0000	
1378710000000.0000	347.4000	367.2500	444.1000	1217.0000	545.0000	1605.0040	3130.5000	392.8000	1059.0000	2350.0000	119.6560	1689.0000	3814.0000	501.0000	500.5000	891.5000	3116.5000	673.0000	1559.0000	2144.5000	445.0000	1594.5000	291.7000	737.0000	1078.0000	343.0000	395.8000	1267.0000	
1385539200000.0000	362.8000	345.4500	482.0500	1256.0000	493.6000	1558.0030	3139.0000	406.0000	863.0000	2230.0000	130.2060	1746.0000	3688.0000	503.0000	489.6000	776.0000	3420.5000	656.5000	1340.0000	2148.5000	426.2000	1338.5000	263.7000	775.5000	1013.0000	373.9000	340.3000	1444.0000	
1371193200000.0000	346.3000	336.5000	453.8000	1190.0000	516.5000	1724.9980	2786.0000	369.8000	1048.0000	2231.0000	102.3960	1760.0000	3637.0000	495.2000	448.4000	904.0000	3239.5000	729.5000	1515.0000	2160.5000	387.0000	1426.0000	266.3000	746.0000	805.5000	312.4000	372.5000	1252.0000	
1382943600000.0000	381.8000	371.4000	452.1000	1237.0000	558.0000	1608.0020	3192.5000	398.8000	957.0000	2218.0000	128.2440	1866.0000	3889.0000	515.5000	475.0000	870.0000	3301.0000	713.0000	1440.0000	2240.0000	447.7000	1515.5000	284.5000	783.5000	1101.0000	361.7000	357.7000	1300.0000	
1358755200000.0000	293.8000	350.6500	459.0000	1119.5000	429.4000	1805.9970	3555.0000	328.5000	1154.0000	2613.0000	92.2740	1587.0000	4162.0000	459.7000	366.5000	1264.0000	3071.5000	720.5000	1435.0000	2264.0000	345.5000	1899.5000	255.4000	695.0000	728.5000	248.7000	342.8000	857.5000	
1361865600000.0000	311.0000	365.0000	444.1000	1147.0000	449.9000	1649.9960	3500.0000	341.3000	1191.0000	2399.0000	92.0740	1600.0000	4166.0000	508.5010	362.0000	1101.0000	2947.5000	730.0000	1426.0000	2185.5000	344.9000	1938.5000	260.6000	714.5000	832.0000	266.5000	349.1000	997.5000	
1366786800000.0000	314.8000	365.2000	458.1500	1076.0000	466.7000	1756.9980	3000.5000	386.9000	1041.0000	2301.0000	109.8750	1808.0000	3625.0000	509.5010	410.0000	911.5000	3390.0000	738.5000	1549.0000	2240.0000	382.6000	1625.5000	284.0000	807.0000	866.5000	284.3000	376.9000	1144.0000	
1388476800000.0000	413.1000	334.3500	488.0500	1297.5000	527.5000	1708.9980	3409.5000	365.0000	855.0000	2501.0000	134.7850	1705.0000	3738.0000	530.5000	432.6000	824.0000	3574.5000	671.5000	1370.0000	2280.0000	435.0000	1320.0000	261.0000	788.0000	1046.0000	379.4000	347.7000	1536.0000	
1377241200000.0000	357.4000	372.5000	442.9500	1182.0000	538.5000	1607.0020	3069.0000	398.2000	1027.0000	2511.0000	109.0500	1718.0000	3819.0000	498.5010	471.6000	915.0000	3246.5000	690.5000	1555.0000	2148.0000	447.7000	1524.5000	292.8000	742.5000	1058.0000	332.3000	390.0000	1265.0000	
1374130800000.0000	373.7000	368.2000	470.4000	1197.5000	549.0000	1800.0000	2948.5000	391.1000	1112.0000	2520.0000	108.8230	1761.0000	3762.0000	488.6000	482.4000	848.5000	3305.0000	720.0000	1621.0000	2330.0000	433.7000	1377.5000	287.0000	764.5000	917.5000	332.1000	381.4000	1406.0000	
1369724400000.0000	369.2000	385.0000	482.6500	1219.0000	534.0000	1812.0030	2880.5000	383.2000	1039.0000	2254.0000	112.4340	2064.0000	3877.0000	534.0000	485.0000	964.5000	3521.5000	787.0000	1628.0000	2325.0000	415.0000	1540.5000	281.0000	839.5000	918.0000	312.6000	392.7000	1300.0000	
1372834800000.0000	360.2000	331.4000	448.1000	1105.5000	528.5000	1676.9980	2649.0000	359.7000	1061.0000	2343.0000	106.5480	1704.0000	3341.0000	475.5000	441.3000	812.0000	3134.0000	686.0000	1545.0000	2155.0000	396.7000	1207.0000	261.9000	740.0000	810.5000	317.8000	365.0000	1320.0000	
1368428400000.0000	350.5000	375.5500	465.5500	1185.5000	516.0000	1764.0030	3001.0000	389.8000	1023.0000	2364.0000	110.0460	1825.0000	3823.0000	528.0000	423.6000	940.5000	3338.0000	739.5000	1592.0000	2331.5000	389.5000	1577.0000	291.8000	834.5000	897.5000	305.8000	380.8000	1142.0000	
1383289200000.0000	380.0000	363.4000	484.7500	1270.0000	509.0000	1583.9970	3184.0000	393.9000	944.0000	2232.0000	132.2250	1861.0000	3838.0000	517.5000	494.7000	837.0000	3292.0000	702.0000	1413.0000	2189.5000	455.7000	1460.0000	281.5000	780.5000	1108.0000	378.6000	354.8000	1296.0000	
1380178800000.0000	370.4000	362.4500	444.3500	1196.5000	555.0000	1590.0030	3140.5000	398.0000	1061.0000	2100.0000	124.2630	1794.0000	3766.0000	486.5000	497.0000	853.5000	3239.5000	692.0000	1460.0000	2159.0000	468.0000	1569.5000	285.0000	743.0000	1066.0000	343.1000	366.9000	1287.0000	
1378882800000.0000	355.4000	371.4000	445.8000	1206.5000	552.5000	1650.9950	3207.0000	396.1000	1073.0000	2423.0000	119.5150	1716.0000	3865.0000	509.5010	509.0000	886.0000	3161.5000	680.0000	1564.0000	2158.5000	442.6000	1609.5000	297.2000	739.0000	1102.0000	346.5000	397.7000	1325.0000	
1375772400000.0000	401.5000	372.0000	454.3500	1209.5000	544.0000	1635.9940	2999.5000	391.3000	1054.0000	2552.0000	112.6900	1778.0000	3750.0000	508.5010	483.6000	849.5000	3272.0000	724.5000	1577.0000	2185.0000	453.6000	1416.0000	289.2000	781.0000	987.5000	338.6000	391.5000	1427.0000	
1385712000000.0000	367.3000	347.9500	482.0000	1248.5000	499.1000	1605.0040	3261.5000	407.4000	869.5000	2233.0000	128.9840	1766.0000	3718.0000	499.6000	487.0000	794.0000	3513.5000	658.5000	1327.0000	2144.5000	427.4000	1349.0000	265.5000	775.0000	1005.0000	372.7000	338.3000	1424.0000	
1374476400000.0000	367.3000	368.0500	468.4500	1222.5000	551.5000	1833.0000	2902.5000	398.5000	1115.0000	2491.0000	110.3300	1761.0000	3752.0000	489.2000	482.5000	846.0000	3276.0000	716.5000	1605.0000	2323.0000	432.2000	1405.0000	286.3000	773.5000	915.5000	343.2000	381.2000	1387.0000	
1358928000000.0000	278.0000	352.8000	463.2500	1149.0000	433.7000	1818.9980	3501.0000	329.0000	1195.0000	2580.0000	92.9560	1604.0000	4220.0000	463.3000	379.1000	1269.0000	3082.5000	717.5000	1382.0000	2271.0000	341.8000	1869.0000	259.2000	699.0000	722.0000	250.7000	344.9000	855.0000	
1362038400000.0000	317.3000	369.6000	445.7000	1165.5000	454.6000	1695.9960	3541.0000	345.8000	1214.0000	2478.0000	94.1500	1619.0000	4178.0000	514.5000	371.3000	1093.0000	2995.5000	737.0000	1446.0000	2223.5000	355.1000	1922.0000	259.6000	729.5000	844.5000	267.7000	352.1000	997.0000	
1366959600000.0000	318.0000	366.9500	454.1000	1065.0000	472.9000	1773.9970	2959.5000	382.8000	1031.0000	2336.0000	112.1500	1808.0000	3631.0000	512.0000	415.3000	916.0000	3321.0000	732.5000	1550.0000	2217.0000	378.9000	1606.0000	286.3000	807.5000	860.5000	285.8000	375.6000	1135.0000	
1381820400000.0000	375.0000	364.5000	444.6500	1217.0000	543.5000	1485.0000	3215.0000	395.3000	987.0000	2067.0000	126.2540	1814.0000	3685.0000	486.2000	483.4000	888.5000	3183.0000	703.5000	1443.0000	2143.0000	439.2000	1569.0000	281.7000	757.0000	1084.0000	354.4000	367.9000	1272.0000	
1357632000000.0000	276.8000	351.5000	448.9500	1032.5000	409.5000	1769.0000	3547.0000	339.0000	1225.0000	2435.0000	92.3590	1596.0000	4298.0000	448.8000	369.6000	1288.0000	3000.0000	675.0000	1456.0000	2200.5000	351.6000	2028.0000	253.3000	689.0000	700.5000	245.1000	335.9000	821.0000	
1387353600000.0000	396.0000	319.0500	464.9000	1235.5000	503.0000	1611.0000	3248.5000	365.1000	836.5000	2192.0000	129.6090	1678.0000	3578.0000	497.3010	441.5000	795.5000	3560.0000	650.5000	1345.0000	2179.5000	434.1000	1277.5000	253.2000	770.0000	963.0000	373.2000	328.7000	1492.0000	
1384243200000.0000	382.3000	366.8000	483.9000	1269.5000	510.5000	1581.9980	3267.0000	398.8000	900.0000	2288.0000	131.5140	1821.0000	3881.0000	527.0000	498.1000	812.5000	3284.5000	688.5000	1405.0000	2165.0000	452.0000	1440.5000	274.8000	781.0000	1045.0000	377.1000	360.4000	1227.0000	
1369897200000.0000	363.0000	367.2500	478.3000	1215.0000	534.5000	1827.0030	2933.0000	377.2000	1043.0000	2253.0000	109.7610	2049.0000	3888.0000	531.0000	475.7000	958.5000	3439.0000	758.5000	1565.0000	2305.5000	412.0000	1562.0000	275.3000	788.5000	902.0000	303.4000	376.0000	1269.0000	
1373007600000.0000	370.1000	341.1500	454.0000	1132.0000	543.0000	1728.9960	2636.0000	372.5000	1048.0000	2402.0000	109.0500	1735.0000	3333.0000	483.1000	462.7000	784.5000	3213.5000	702.5000	1579.0000	2192.5000	408.0000	1217.0000	272.5000	749.0000	842.0000	329.3000	374.8000	1340.0000	
1360569600000.0000	311.8000	367.9000	454.7500	1114.5000	438.5000	1580.9990	3656.0000	333.6000	1170.0000	2585.0000	98.7570	1595.0000	4319.0000	455.0000	382.8000	1133.0000	3018.5000	728.0000	1405.0000	2201.5000	336.5000	1971.5000	256.1000	691.0000	789.0000	267.1000	342.0000	970.0000	
1365490800000.0000	302.8000	378.5000	450.7500	1130.5000	467.8000	1740.9980	3135.0000	375.0000	1187.0000	2238.0000	106.6330	1676.0000	3888.0000	524.0000	378.9000	1028.0000	3311.0000	709.0000	1509.0000	2151.5000	385.6000	1699.5000	279.3000	777.5000	832.5000	268.1000	373.6000	1022.0000	
1368601200000.0000	355.4000	375.4000	467.6000	1222.5000	519.0000	1750.0020	2914.0000	377.3000	1043.0000	2389.0000	111.0120	2090.0000	3810.0000	537.5000	436.0000	919.0000	3374.5000	762.5000	1591.0000	2300.5000	400.9000	1544.0000	283.1000	844.5000	916.5000	312.6000	385.9000	1224.0000	
1387180800000.0000	390.0000	331.0000	473.2000	1236.0000	505.5000	1644.9990	3218.5000	395.5000	846.0000	2190.0000	129.4950	1691.0000	3586.0000	488.1000	458.0000	768.0000	3547.5000	663.0000	1348.0000	2174.5000	436.9000	1293.5000	264.4000	770.5000	945.5000	372.0000	325.6000	1506.0000	
1364194800000.0000	311.0000	371.2500	459.9500	1139.5000	485.4000	1854.9960	3069.5000	375.0000	1238.0000	2254.0000	106.4620	1669.0000	3848.0000	521.5000	392.4000	1008.0000	3256.5000	703.5000	1483.0000	2189.5000	385.3000	1717.5000	266.7000	755.0000	886.5000	280.8000	362.1000	1039.0000	
1379055600000.0000	353.5000	372.0000	442.5000	1204.0000	556.0000	1615.9970	3143.0000	397.2000	1063.0000	2428.0000	120.5670	1733.0000	3770.0000	502.0000	511.5000	849.5000	3174.5000	680.5000	1551.0000	2166.5000	443.6000	1568.5000	295.3000	741.5000	1093.0000	345.4000	396.2000	1300.0000	
1375945200000.0000	380.4000	369.1000	441.8000	1193.0000	543.5000	1650.9950	3016.5000	391.8000	1041.0000	2492.0000	111.9220	1779.0000	3798.0000	512.0000	486.1000	876.5000	3224.0000	717.5000	1581.0000	2160.0000	439.0000	1454.5000	288.5000	769.5000	1017.0000	326.5000	391.9000	1383.0000	
1374649200000.0000	377.3000	367.7500	473.9000	1185.0000	540.5000	1819.9980	2970.5000	394.8000	1021.0000	2509.0000	110.1020	1742.0000	3814.0000	488.4000	485.4000	885.0000	3288.5000	710.5000	1625.0000	2327.0000	438.3000	1438.0000	287.9000	769.0000	928.0000	342.0000	385.7000	1385.0000	
1371538800000.0000	348.5000	335.9000	460.4000	1198.5000	526.0000	1752.0010	2811.0000	372.7000	1042.0000	2244.0000	104.8420	1765.0000	3641.0000	499.1000	445.4000	879.0000	3250.5000	726.5000	1539.0000	2183.0000	395.7000	1423.5000	264.7000	754.5000	817.0000	319.3000	373.7000	1279.0000	
1359100800000.0000	293.1000	355.6500	465.3000	1165.5000	432.4000	1754.0000	3518.0000	330.5000	1183.0000	2615.0000	96.8230	1647.0000	4208.0000	469.2000	384.2000	1257.0000	3156.5000	745.0000	1386.0000	2315.5000	343.2000	1886.0000	257.4000	700.0000	732.0000	253.1000	346.9000	945.0000	
1370242800000.0000	353.9000	358.4500	469.0000	1207.5000	530.0000	1706.0000	2880.0000	371.5000	1062.0000	2163.0000	107.2590	2042.0000	3806.0000	526.5000	466.8000	970.5000	3353.5000	755.5000	1528.0000	2254.5000	405.7000	1540.0000	270.3000	782.5000	857.0000	294.3000	371.2000	1221.0000	
1381993200000.0000	373.2000	368.0000	443.9000	1220.5000	539.0000	1454.9990	3191.5000	396.5000	981.5000	2068.0000	130.4050	1799.0000	3688.0000	480.0000	487.9000	888.5000	3150.0000	700.0000	1432.0000	2141.0000	445.2000	1553.0000	283.5000	751.5000	1096.0000	364.1000	364.3000	1328.0000	
1357804800000.0000	280.8000	355.4000	461.0500	1041.5000	426.9000	1770.9990	3511.5000	325.7000	1225.0000	2418.0000	93.5530	1586.0000	4264.0000	461.9000	368.8000	1322.0000	2996.5000	692.5000	1450.0000	2203.0000	348.0000	2072.0000	251.9000	687.0000	696.0000	246.3000	335.9000	834.0000	
1387526400000.0000	398.1000	332.2000	477.6000	1247.5000	513.5000	1664.9960	3313.5000	370.1000	838.0000	2389.0000	133.4760	1661.0000	3611.0000	510.0000	445.0000	796.5000	3588.5000	652.0000	1355.0000	2228.5000	422.1000	1261.0000	261.3000	787.0000	987.0000	376.8000	340.5000	1506.0000	
1384416000000.0000	381.1000	356.1500	483.3000	1246.5000	512.0000	1588.0040	3229.0000	414.6000	885.0000	2286.0000	131.3720	1839.0000	3827.0000	506.5010	497.3000	804.0000	3286.5000	692.5000	1400.0000	2142.5000	454.2000	1410.5000	266.2000	781.5000	996.0000	379.0000	345.3000	1237.0000	
1377586800000.0000	343.9000	372.8000	447.1000	1210.0000	532.5000	1608.0020	2992.5000	398.7000	1018.0000	2483.0000	108.1120	1708.0000	3766.0000	490.0000	479.1000	884.5000	3245.0000	681.0000	1561.0000	2177.0000	443.8000	1497.5000	296.9000	740.0000	1028.0000	326.2000	388.0000	1234.0000	
1360742400000.0000	315.9000	374.2500	453.6000	1148.5000	448.7000	1629.9980	3757.0000	337.4000	1260.0000	2575.0000	97.6190	1610.0000	4386.0000	468.6000	389.1000	1122.0000	2950.0000	729.5000	1408.0000	2186.0000	331.2000	2013.5000	259.8000	695.5000	817.0000	275.9000	344.2000	1002.0000	
1365663600000.0000	313.2000	385.4000	451.7000	1124.0000	485.9000	1761.0050	3140.0000	384.1000	1169.0000	2267.0000	107.9410	1703.0000	3866.0000	525.5000	400.4000	1015.0000	3324.5000	719.5000	1529.0000	2182.5000	397.3000	1671.0000	280.5000	786.5000	871.5000	279.5000	376.4000	1108.0000	
1368774000000.0000	371.8000	380.8000	469.9500	1231.0000	520.5000	1747.0040	2899.5000	378.2000	1044.0000	2391.0000	112.4340	2050.0000	3857.0000	523.0000	451.0000	935.0000	3383.0000	765.0000	1602.0000	2310.0000	410.0000	1570.0000	286.5000	828.5000	917.5000	314.0000	386.9000	1188.0000	
1380524400000.0000	367.7000	359.0000	433.1000	1180.5000	549.0000	1603.9950	3023.0000	391.5000	1024.0000	2094.0000	122.8410	1763.0000	3640.0000	481.6000	496.6000	818.5000	3215.5000	691.0000	1474.0000	2134.5000	454.4000	1518.0000	280.0000	730.5000	1043.0000	342.4000	369.7000	1278.0000	
1359446400000.0000	292.1000	361.2500	475.6500	1151.0000	436.0000	1701.0030	3575.5000	335.1000	1176.0000	2594.0000	98.3300	1650.0000	4302.0000	472.5000	382.5000	1275.0000	3168.0000	740.0000	1423.0000	2365.0000	348.3000	1929.5000	254.1000	701.5000	747.0000	246.2000	351.5000	932.0000	
1364367600000.0000	322.8000	377.7000	463.4500	1122.5000	483.1000	1789.9970	3104.5000	375.9000	1255.0000	2263.0000	105.7800	1688.0000	3883.0000	527.5000	390.4000	1025.0000	3248.0000	704.0000	1481.0000	2209.0000	383.8000	1722.0000	273.8000	751.0000	886.0000	274.5000	367.0000	1056.0000	
1386057600000.0000	371.5000	341.6000	473.6000	1225.0000	476.9000	1584.9970	3200.0000	395.9000	854.0000	2199.0000	128.4150	1703.0000	3603.0000	487.5000	472.3000	754.0000	3506.5000	651.5000	1326.0000	2106.5000	416.3000	1301.0000	259.8000	764.0000	942.5000	366.9000	337.0000	1386.0000	
1374822000000.0000	369.6000	363.1500	471.0000	1190.0000	541.5000	1778.0040	2920.0000	392.0000	1025.0000	2524.0000	109.5050	1759.0000	3756.0000	476.7010	469.8000	858.5000	3255.0000	716.5000	1606.0000	2307.0000	439.1000	1391.0000	286.9000	760.5000	912.0000	336.8000	380.6000	1360.0000	
1371711600000.0000	340.4000	331.3000	449.2000	1183.0000	522.5000	1626.0000	2674.5000	364.8000	1019.0000	2217.0000	101.0880	1643.0000	3457.0000	481.1000	430.0000	824.5000	3109.0000	665.5000	1500.0000	2142.5000	391.5000	1359.0000	260.1000	730.5000	788.0000	304.4000	362.5000	1243.0000	
1362384000000.0000	310.3000	367.6000	443.9000	1147.0000	459.1000	1706.9990	3316.0000	344.7000	1226.0000	2515.0000	95.3730	1628.0000	4074.0000	520.0000	362.8000	1058.0000	3008.0000	745.0000	1469.0000	2243.0000	357.7000	1849.0000	261.2000	732.5000	847.5000	265.4000	361.4000	1022.0000	
1367305200000.0000	314.3000	366.1500	466.4000	1084.5000	468.6000	1782.0020	2919.0000	381.1000	1001.0000	2320.0000	111.5810	1821.0000	3582.0000	516.5000	408.6000	897.5000	3342.5000	740.5000	1557.0000	2253.0000	375.5000	1565.0000	292.1000	819.5000	851.5000	276.2000	371.0000	1117.0000	
1370415600000.0000	341.1000	345.6000	464.1000	1186.0000	527.0000	1633.9960	2815.0000	365.1000	1035.0000	2148.0000	106.6330	2026.0000	3686.0000	512.5000	453.4000	941.0000	3291.5000	746.0000	1516.0000	2205.5000	399.1000	1454.0000	262.8000	740.0000	824.0000	294.1000	366.4000	1234.0000	
1366009200000.0000	308.0000	385.1000	446.5000	1085.0000	480.6000	1788.9970	2973.0000	387.2000	1097.0000	2259.0000	108.6240	1733.0000	3649.0000	523.5000	397.5000	937.0000	3340.0000	739.0000	1527.0000	2164.5000	396.2000	1575.0000	280.7000	803.0000	854.0000	277.6000	381.7000	1138.0000	
1380870000000.0000	368.3000	361.5000	438.2500	1170.0000	539.0000	1441.9970	3010.0000	389.8000	1001.0000	2057.0000	125.9700	1767.0000	3609.0000	484.5000	494.0000	821.5000	3182.0000	696.0000	1462.0000	2122.5000	453.8000	1491.0000	278.5000	743.5000	1061.0000	350.9000	366.0000	1297.0000	
1377759600000.0000	348.3000	372.0000	450.9000	1245.0000	531.0000	1625.0010	2945.5000	390.2000	1019.0000	2430.0000	116.4440	1713.0000	3761.0000	490.6000	477.0000	849.0000	3208.0000	693.0000	1573.0000	2202.0000	439.8000	1507.0000	291.4000	747.0000	997.5000	330.8000	392.7000	1259.0000	
1373353200000.0000	376.6000	343.6000	464.8000	1155.0000	556.5000	1802.9990	2736.5000	376.2000	1067.0000	2443.0000	110.3010	1736.0000	3459.0000	478.5000	453.2000	817.5000	3281.5000	716.0000	1599.0000	2247.0000	418.1000	1282.0000	278.0000	758.0000	884.5000	334.0000	377.8000	1335.0000	
1360915200000.0000	319.0000	364.7500	448.1000	1142.0000	451.4000	1679.9970	3733.5000	331.0000	1263.0000	2505.0000	95.4300	1584.0000	4460.0000	468.9010	387.1000	1119.0000	2936.0000	720.0000	1408.0000	2151.0000	328.9000	2039.0000	261.2000	682.0000	825.5000	275.3000	348.9000	999.5000	
1380697200000.0000	364.8000	358.0000	432.3000	1183.0000	540.0000	1507.9950	3028.0000	385.3000	1011.0000	2044.0000	124.5190	1784.0000	3652.0000	478.1000	499.2000	824.0000	3190.5000	705.0000	1483.0000	2105.0000	448.3000	1502.5000	274.8000	743.0000	1043.0000	347.0000	370.0000	1314.0000	
1359619200000.0000	290.8000	356.3000	466.7500	1120.0000	435.0000	1596.9990	3560.0000	330.7000	1138.0000	2561.0000	97.8750	1622.0000	4314.0000	468.5000	379.7000	1142.0000	3053.0000	732.0000	1419.0000	2294.0000	339.6000	1886.5000	251.0000	691.5000	747.0000	248.6000	350.2000	931.0000	
1364540400000.0000	325.6000	381.5500	459.9000	1129.0000	491.0000	1782.0020	3085.0000	378.5000	1231.0000	2304.0000	106.1220	1712.0000	3830.0000	527.5000	390.0000	984.0000	3299.5000	708.5000	1484.0000	2185.0000	394.3000	1692.0000	276.2000	765.0000	894.0000	278.0000	367.7000	1080.0000	
1379401200000.0000	357.1000	371.4000	440.0000	1187.0000	549.5000	1580.0000	3151.0000	393.9000	1058.0000	2445.0000	120.1400	1792.0000	3790.0000	497.1000	509.0000	882.0000	3220.0000	703.0000	1556.0000	2148.5000	443.0000	1579.5000	294.9000	747.5000	1101.0000	344.4000	396.8000	1325.0000	
1376290800000.0000	380.2000	372.3000	442.9000	1206.0000	537.0000	1712.9960	3192.0000	391.9000	1064.0000	2452.0000	111.5810	1763.0000	3967.0000	506.5010	470.7000	958.0000	3271.0000	708.0000	1560.0000	2172.5000	440.4000	1567.5000	287.2000	758.0000	1033.0000	329.0000	385.2000	1328.0000	
1386230400000.0000	374.6000	333.1500	475.1500	1212.0000	489.5000	1601.9960	3268.5000	389.9000	886.0000	2139.0000	128.5570	1662.0000	3631.0000	480.0000	474.3000	768.5000	3470.0000	647.0000	1303.0000	2096.0000	417.7000	1310.0000	257.8000	746.0000	939.0000	364.6000	332.4000	1409.0000	
1362556800000.0000	311.1000	378.1500	449.5000	1162.5000	476.1000	1757.9970	3369.0000	346.9000	1234.0000	2532.0000	102.3680	1606.0000	4155.0000	521.5000	364.9000	1064.0000	3031.5000	742.0000	1467.0000	2263.0000	358.0000	1846.5000	263.2000	732.0000	874.5000	266.4000	356.5000	1049.0000	
1367478000000.0000	317.0000	366.0500	466.2500	1136.0000	472.4000	1750.0020	2905.0000	386.1000	977.0000	2329.0000	110.3010	1819.0000	3564.0000	509.0000	407.5000	912.5000	3317.0000	739.0000	1548.0000	2276.5000	375.6000	1568.0000	291.0000	819.5000	849.0000	279.1000	371.9000	1134.0000	
1370588400000.0000	343.5000	346.3500	461.0000	1170.0000	519.5000	1658.0000	2808.0000	360.7000	1004.0000	2147.0000	109.1070	2070.0000	3665.0000	509.5010	452.4000	922.0000	3301.5000	749.0000	1516.0000	2186.5000	401.9000	1463.0000	263.0000	747.5000	823.5000	312.8000	362.7000	1194.0000	
1382338800000.0000	382.2000	372.2000	449.5500	1238.0000	547.5000	1472.9970	3242.0000	397.3000	990.0000	2095.0000	129.6090	1848.0000	3747.0000	504.0000	487.1000	891.0000	3175.0000	707.5000	1452.0000	2178.5000	453.9000	1536.5000	282.0000	766.0000	1110.0000	367.4000	363.0000	1358.0000	
1358150400000.0000	282.3000	351.2000	459.3000	1048.0000	425.2000	1749.0030	3473.5000	325.6000	1172.0000	2444.0000	93.1830	1550.0000	4149.0000	457.2000	367.2000	1297.0000	3030.0000	685.0000	1436.0000	2212.5000	348.6000	2036.5000	252.0000	687.5000	702.5000	243.3000	332.9000	845.0000	
1363071600000.0000	320.3000	380.4500	452.1000	1177.0000	489.7000	1885.9960	3447.0000	349.2000	1250.0000	2491.0000	105.2120	1635.0000	4270.0000	523.0000	360.2000	1129.0000	3070.0000	714.0000	1451.0000	2269.0000	377.6000	1868.5000	270.0000	741.0000	884.0000	269.5000	353.1000	1065.0000	
1366182000000.0000	303.4000	369.7500	440.7000	1037.5000	469.7000	1771.9980	2854.5000	377.4000	982.5000	2270.0000	107.6290	1760.0000	3558.0000	506.0000	395.0000	906.0000	3297.5000	740.0000	1536.0000	2147.0000	376.1000	1553.0000	279.3000	790.0000	833.5000	274.8000	383.0000	1140.0000	
1387872000000.0000	404.6000	336.5000	486.2000	1283.0000	523.5000	1690.0000	3325.0000	371.8000	838.0000	2455.0000	134.4430	1687.0000	3668.0000	518.5000	445.5000	805.0000	3612.0000	665.0000	1368.0000	2265.5000	431.4000	1275.5000	263.8000	786.5000	1003.0000	378.4000	345.3000	1521.0000	
1384761600000.0000	387.2000	358.0000	488.5500	1258.5000	507.0000	1590.0030	3264.5000	411.5000	894.5000	2251.0000	133.2780	1828.0000	3881.0000	506.0000	503.5000	812.5000	3317.0000	691.5000	1389.0000	2197.0000	446.1000	1438.5000	268.9000	774.5000	1025.0000	382.0000	343.3000	1256.0000	
1376636400000.0000	359.4000	368.3000	441.7000	1182.5000	533.0000	1656.0010	3104.5000	383.6000	1057.0000	2456.0000	109.3630	1710.0000	3975.0000	502.0000	453.3000	936.5000	3199.5000	686.5000	1546.0000	2134.5000	437.4000	1547.5000	286.4000	736.0000	1035.0000	325.8000	383.0000	1257.0000	
1373526000000.0000	370.8000	349.3500	464.7500	1173.0000	555.0000	1805.9970	2833.5000	375.3000	1125.0000	2452.0000	108.9370	1755.0000	3600.0000	482.2000	463.9000	853.5000	3250.0000	719.5000	1605.0000	2294.0000	422.1000	1337.0000	280.5000	761.5000	897.5000	337.4000	374.0000	1347.0000	
1369119600000.0000	370.9000	384.5500	477.6500	1239.5000	527.5000	1855.9950	2979.0000	376.5000	1075.0000	2267.0000	113.6850	2048.0000	3964.0000	533.0000	467.9000	964.0000	3394.5000	787.0000	1676.0000	2344.0000	417.7000	1621.5000	289.3000	843.5000	927.0000	322.3000	394.9000	1252.0000	
1379574000000.0000	361.5000	377.3000	440.1000	1204.5000	553.0000	1632.9960	3141.5000	391.0000	1080.0000	2420.0000	119.2870	1805.0000	3816.0000	491.6000	510.0000	886.0000	3240.5000	707.5000	1571.0000	2177.0000	448.5000	1635.0000	292.5000	761.5000	1084.0000	341.3000	397.6000	1294.0000	
1376463600000.0000	383.7000	374.5000	446.2500	1206.5000	537.5000	1697.9950	3193.5000	390.3000	1061.0000	2478.0000	111.0690	1763.0000	3989.0000	505.5010	467.3000	971.0000	3249.0000	705.0000	1566.0000	2150.5000	449.9000	1545.0000	291.3000	749.0000	1036.0000	326.2000	391.9000	1310.0000	
1375167600000.0000	379.7000	366.6500	451.4500	1174.5000	546.0000	1790.9960	2958.0000	390.1000	1027.0000	2528.0000	110.9550	1762.0000	3760.0000	491.3010	476.4000	875.0000	3298.0000	721.5000	1638.0000	2296.5000	445.5000	1419.5000	287.3000	769.5000	977.5000	342.1000	385.8000	1411.0000	
1372057200000.0000	335.6000	326.0000	444.9500	1123.5000	502.0000	1643.0000	2582.0000	349.4000	1002.0000	2175.0000	100.0360	1628.0000	3348.0000	465.1000	417.8000	813.0000	3052.5000	655.5000	1470.0000	2120.5000	381.9000	1297.5000	255.9000	717.5000	760.0000	300.2000	353.1000	1209.0000	
1362729600000.0000	309.0000	379.9500	450.7000	1169.0000	480.0000	1879.0000	3425.5000	342.0000	1248.0000	2529.0000	104.8420	1621.0000	4194.0000	522.5000	362.4000	1069.0000	3040.0000	711.5000	1466.0000	2271.0000	367.1000	1850.5000	263.0000	734.5000	890.0000	267.0000	352.1000	1058.0000	
1382511600000.0000	380.5000	370.0500	449.2500	1232.5000	554.0000	1513.0020	3220.0000	396.5000	973.0000	2162.0000	130.2920	1875.0000	3845.0000	501.0000	485.4000	865.5000	3210.0000	716.5000	1427.0000	2200.5000	450.7000	1495.0000	283.1000	776.5000	1109.0000	362.5000	360.4000	1348.0000	
1358323200000.0000	292.5000	347.1000	458.4000	1083.5000	430.3000	1769.9990	3458.0000	325.0000	1180.0000	2520.0000	90.9940	1584.0000	4153.0000	464.6000	361.0000	1289.0000	3037.0000	712.0000	1437.0000	2228.0000	341.9000	1901.0000	254.0000	692.5000	709.5000	241.2000	337.3000	867.5000	
1363244400000.0000	319.2000	385.9500	451.0500	1190.0000	485.0000	1964.9960	3311.0000	358.0000	1266.0000	2430.0000	104.9550	1643.0000	4186.0000	520.0000	371.6000	1088.0000	3074.0000	702.5000	1470.0000	2268.0000	383.3000	1863.5000	276.2000	744.0000	888.0000	277.4000	355.6000	1069.0000	
1366354800000.0000	303.8000	363.0000	446.7000	1038.0000	475.9000	1769.0000	2920.0000	377.8000	1048.0000	2294.0000	109.9030	1795.0000	3565.0000	513.0000	398.2000	902.5000	3346.0000	742.5000	1532.0000	2148.0000	380.2000	1596.5000	281.1000	795.5000	850.0000	277.6000	382.5000	1109.0000	
1381215600000.0000	361.9000	360.5000	433.7000	1154.5000	535.5000	1471.9980	2976.5000	384.3000	980.5000	2047.0000	124.2350	1744.0000	3537.0000	479.8000	463.8000	833.5000	3143.0000	685.5000	1438.0000	2088.5000	447.1000	1464.0000	274.1000	735.5000	1038.0000	340.6000	362.5000	1230.0000	
1378105200000.0000	348.3000	370.1500	445.5500	1239.5000	532.0000	1623.0020	3035.0000	387.0000	1018.0000	2423.0000	121.2490	1718.0000	3842.0000	496.8000	482.5000	885.5000	3182.5000	682.5000	1575.0000	2165.0000	441.2000	1536.0000	291.4000	751.5000	1022.0000	338.2000	388.9000	1284.0000	
1388044800000.0000	404.6000	336.5000	486.2000	1283.0000	523.5000	1690.0000	3325.0000	371.8000	838.0000	2455.0000	134.4430	1687.0000	3668.0000	518.5000	445.5000	805.0000	3612.0000	665.0000	1368.0000	2265.5000	431.4000	1275.5000	263.8000	786.5000	1003.0000	378.4000	345.3000	1521.0000	
1384934400000.0000	388.1000	352.6500	487.9500	1252.0000	497.5000	1573.0040	3300.0000	404.8000	893.0000	2238.0000	129.2110	1830.0000	3872.0000	495.2000	492.7000	807.0000	3308.5000	675.0000	1363.0000	2197.5000	434.4000	1404.5000	266.2000	768.0000	1016.0000	376.1000	337.4000	1377.0000	
1383638400000.0000	375.1000	363.0000	488.0500	1279.0000	493.5000	1565.9990	3330.5000	395.7000	941.5000	2255.0000	129.8080	1796.0000	3940.0000	520.5000	509.0000	889.0000	3291.5000	691.0000	1400.0000	2176.0000	453.3000	1536.0000	280.2000	788.0000	1116.0000	376.3000	358.0000	1203.0000	
1361260800000.0000	329.7000	369.1000	446.3500	1147.0000	454.3000	1714.9940	3713.5000	332.3000	1246.0000	2485.0000	92.9840	1606.0000	4472.0000	476.7010	386.1000	1095.0000	2948.5000	725.5000	1422.0000	2199.5000	330.0000	1995.5000	260.8000	700.5000	834.5000	276.9000	351.8000	1010.0000	
1369292400000.0000	362.6000	383.3000	477.5000	1216.5000	522.0000	1757.9970	2913.0000	382.3000	1038.0000	2233.0000	110.0740	2042.0000	3885.0000	526.0000	472.1000	958.0000	3426.5000	787.5000	1624.0000	2312.5000	415.2000	1570.0000	281.3000	829.5000	908.5000	314.1000	391.5000	1266.0000	
1372402800000.0000	356.9000	331.4000	455.2500	1118.5000	517.5000	1642.0000	2683.0000	355.3000	1001.0000	2290.0000	106.8320	1664.0000	3364.0000	477.5000	430.7000	795.0000	3115.0000	684.0000	1523.0000	2176.0000	383.0000	1266.0000	261.8000	746.0000	818.0000	309.2000	360.2000	1296.0000	
1359964800000.0000	297.2000	357.5000	462.0500	1104.0000	430.0000	1597.9980	3615.0000	330.9000	1175.0000	2580.0000	96.9650	1620.0000	4336.0000	461.3010	375.9000	1127.0000	3040.5000	729.5000	1415.0000	2249.0000	330.9000	1924.5000	250.1000	692.5000	760.5000	263.0000	349.0000	952.5000	
1364886000000.0000	324.0000	385.5000	462.5000	1154.5000	494.2000	1780.0030	3085.0000	385.5000	1248.0000	2301.0000	109.1920	1700.0000	3879.0000	547.5000	393.5000	966.5000	3340.0000	706.5000	1507.0000	2211.5000	396.0000	1674.0000	283.2000	778.0000	908.5000	281.7000	373.8000	1128.0000	
1367996400000.0000	338.2000	375.2500	467.0500	1184.5000	496.5000	1692.9980	3101.0000	381.0000	1017.0000	2395.0000	109.7900	1825.0000	3817.0000	511.5010	416.7000	941.0000	3318.0000	744.0000	1569.0000	2313.0000	382.1000	1666.0000	296.4000	818.0000	886.5000	282.3000	377.5000	1150.0000	
1386576000000.0000	384.0000	333.6500	476.8000	1237.5000	498.1000	1599.9970	3290.5000	386.1000	869.5000	2149.0000	132.7650	1665.0000	3688.0000	482.3010	461.0000	761.5000	3474.5000	646.5000	1300.0000	2166.5000	416.3000	1324.5000	260.3000	750.5000	964.5000	371.2000	327.5000	1436.0000	
1375340400000.0000	386.1000	370.2500	458.5000	1198.0000	555.0000	1643.0000	3038.0000	395.3000	1066.0000	2584.0000	113.8560	1777.0000	3840.0000	506.0000	485.1000	913.5000	3334.0000	722.5000	1575.0000	2218.0000	448.7000	1483.0000	290.4000	790.5000	990.5000	342.7000	394.2000	1431.0000	
1372230000000.0000	351.7000	327.6000	452.0000	1131.0000	511.5000	1659.0000	2649.5000	356.2000	1015.0000	2319.0000	104.2730	1636.0000	3346.0000	460.0000	427.7000	801.5000	3115.0000	672.0000	1482.0000	2140.5000	389.2000	1256.0000	261.2000	726.5000	796.0000	305.4000	354.6000	1279.0000	
1367823600000.0000	324.1000	367.7500	471.3000	1151.0000	484.4000	1722.9990	3022.5000	390.9000	1014.0000	2368.0000	110.2160	1815.0000	3695.0000	508.0000	414.8000	983.0000	3339.5000	740.5000	1567.0000	2296.0000	374.9000	1635.5000	293.0000	825.0000	851.5000	275.0000	376.1000	1133.0000	
1370934000000.0000	340.3000	343.9500	460.3000	1173.0000	516.5000	1642.0000	2702.5000	362.7000	1017.0000	2125.0000	109.1920	1937.0000	3557.0000	501.0000	445.7000	884.5000	3276.5000	732.0000	1511.0000	2210.0000	392.6000	1371.5000	261.2000	741.0000	784.5000	305.0000	366.4000	1229.0000	
1382684400000.0000	385.2000	370.1500	451.1500	1254.5000	561.5000	1517.0000	3222.5000	396.8000	978.5000	2207.0000	128.9550	1881.0000	3906.0000	511.0000	475.8000	875.5000	3248.5000	718.5000	1440.0000	2237.5000	451.7000	1508.0000	282.0000	782.0000	1115.0000	359.1000	356.1000	1329.0000	
1358496000000.0000	292.4000	350.3500	460.3500	1114.0000	437.2000	1830.0010	3502.5000	326.1000	1165.0000	2576.0000	92.0460	1570.0000	4103.0000	463.9000	365.9000	1270.0000	3076.5000	711.0000	1430.0000	2257.0000	342.3000	1885.5000	252.8000	683.5000	717.5000	246.0000	338.6000	872.0000	
1381388400000.0000	365.0000	355.7000	437.3000	1178.0000	546.0000	1489.9970	3015.0000	388.7000	983.0000	2040.0000	123.6380	1773.0000	3583.0000	477.0000	473.0000	852.0000	3133.0000	695.0000	1449.0000	2105.0000	450.7000	1476.0000	275.0000	746.5000	1050.0000	348.3000	362.6000	1253.0000	
1378278000000.0000	334.6000	366.0500	443.1500	1271.0000	526.5000	1605.0040	3080.0000	388.6000	1030.0000	2334.0000	117.7230	1698.0000	3805.0000	499.4000	478.7000	886.0000	3146.5000	680.0000	1568.0000	2162.5000	440.0000	1540.5000	291.9000	737.0000	1046.0000	340.4000	392.3000	1215.0000	
1385107200000.0000	359.0000	354.5500	493.4500	1259.5000	498.0000	1564.0000	3194.0000	404.6000	887.0000	2228.0000	130.2630	1812.0000	3752.0000	487.0000	496.0000	789.5000	3446.5000	666.0000	1370.0000	2203.5000	430.8000	1380.0000	267.1000	780.0000	996.0000	376.1000	343.6000	1405.0000	
1383811200000.0000	379.7000	364.6000	480.4500	1268.0000	507.5000	1556.0050	3294.0000	394.2000	917.5000	2289.0000	129.5520	1750.0000	3937.0000	521.0000	508.5000	845.0000	3272.5000	680.5000	1397.0000	2156.0000	460.2000	1512.0000	280.1000	775.5000	1025.0000	371.1000	350.5000	1200.0000	
1376982000000.0000	357.5000	365.0500	437.2000	1164.5000	537.5000	1653.0030	3049.5000	387.6000	1021.0000	2414.0000	108.1690	1697.0000	3847.0000	501.0000	459.9000	912.0000	3204.0000	688.0000	1557.0000	2126.5000	442.0000	1494.0000	283.7000	743.5000	1026.0000	328.2000	388.7000	1275.0000	
1373871600000.0000	376.6000	353.1500	465.8500	1185.0000	558.0000	1757.9970	2806.5000	382.2000	1101.0000	2476.0000	111.1830	1752.0000	3615.0000	481.3010	469.0000	823.0000	3262.0000	711.5000	1605.0000	2305.0000	428.2000	1300.5000	284.4000	763.5000	904.5000	344.0000	374.5000	1358.0000	
1361433600000.0000	320.3000	373.6500	443.0000	1152.5000	449.9000	1706.0000	3518.5000	337.8000	1219.0000	2406.0000	90.9940	1614.0000	4194.0000	505.5010	377.0000	1067.0000	2910.0000	733.0000	1425.0000	2187.5000	345.9000	1923.0000	261.6000	707.0000	844.0000	274.0000	349.0000	996.0000	
1357027200000.0000	282.5000	336.0000	424.8000	1012.5000	382.3000	1739.9980	3511.5000	345.1000	1261.0000	2358.0000	87.8370	1574.0000	4259.0000	436.0000	382.3000	1324.0000	2909.5000	673.5000	1418.0000	2175.0000	336.9000	1894.0000	263.0000	703.0000	669.5000	231.1000	333.6000	765.5000	
1360137600000.0000	303.6000	363.2000	465.7500	1135.0000	434.9000	1567.9970	3660.0000	331.2000	1207.0000	2590.0000	96.8800	1636.0000	4368.0000	462.0000	375.8000	1131.0000	3061.0000	736.5000	1411.0000	2245.0000	337.0000	1944.5000	251.7000	695.5000	773.0000	272.7000	343.7000	962.0000	
1365058800000.0000	313.2000	378.0000	452.0000	1137.0000	480.4000	1756.9980	3014.0000	379.9000	1177.0000	2201.0000	105.0980	1654.0000	3794.0000	524.5000	386.8000	969.0000	3288.5000	711.0000	1508.0000	2169.0000	382.9000	1646.0000	277.0000	777.5000	857.5000	273.6000	371.5000	1097.0000	
1368169200000.0000	346.9000	375.5500	465.7000	1185.5000	515.5000	1765.0020	3037.0000	382.2000	1012.0000	2397.0000	110.5290	1827.0000	3835.0000	526.0000	420.2000	913.0000	3342.5000	738.5000	1577.0000	2319.5000	379.7000	1591.0000	288.8000	823.0000	897.0000	309.5000	377.5000	1153.0000	
1383030000000.0000	384.0000	369.1000	477.5000	1248.0000	563.0000	1583.9970	3193.5000	398.0000	936.0000	2233.0000	128.6990	1885.0000	3898.0000	521.0000	485.6000	888.5000	3312.5000	718.5000	1441.0000	2264.5000	454.0000	1517.5000	286.5000	788.0000	1107.0000	369.4000	360.7000	1311.0000	
1379919600000.0000	359.3000	376.0500	440.2000	1188.0000	550.5000	1610.0010	3100.0000	395.2000	1049.0000	2392.0000	118.9170	1810.0000	3751.0000	488.1000	500.0000	852.0000	3210.5000	701.0000	1563.0000	2154.5000	444.0000	1573.5000	289.3000	747.0000	1059.0000	342.6000	397.0000	1288.0000	
1386748800000.0000	376.9000	328.1000	477.2000	1234.5000	495.3000	1560.0020	3213.5000	388.0000	850.0000	2144.0000	131.0880	1669.0000	3570.0000	479.5000	465.6000	760.5000	3447.0000	644.5000	1328.0000	2174.0000	426.0000	1293.5000	261.2000	746.0000	941.0000	372.6000	324.5000	1481.0000	
1363762800000.0000	309.9000	381.4500	448.0000	1169.5000	484.9000	1960.9990	3135.0000	374.6000	1238.0000	2280.0000	105.6670	1671.0000	3923.0000	526.5000	392.4000	1048.0000	3040.0000	695.5000	1484.0000	2224.0000	393.4000	1773.0000	269.4000	746.5000	878.5000	272.7000	352.6000	1050.0000	
1385452800000.0000	361.6000	345.3500	487.0000	1246.0000	490.1000	1556.0050	3110.0000	405.8000	859.5000	2239.0000	130.1780	1761.0000	3682.0000	490.9010	490.8000	779.0000	3426.0000	657.0000	1350.0000	2160.5000	429.7000	1334.5000	263.7000	775.0000	991.0000	372.2000	336.6000	1429.0000	
1371106800000.0000	341.0000	339.9000	453.4500	1193.0000	519.5000	1684.0040	2759.5000	367.9000	1033.0000	2195.0000	101.6290	1785.0000	3586.0000	495.3010	442.8000	892.0000	3239.0000	730.5000	1514.0000	2181.5000	388.9000	1400.0000	263.5000	741.5000	777.5000	307.7000	371.9000	1238.0000	
1361779200000.0000	317.9000	373.9500	451.1500	1169.0000	455.2000	1684.0040	3529.5000	346.6000	1229.0000	2420.0000	93.3250	1611.0000	4247.0000	505.0000	367.9000	1117.0000	2978.0000	735.5000	1435.0000	2208.0000	347.8000	1981.5000	262.7000	717.5000	845.5000	271.7000	349.2000	990.0000	
1363590000000.0000	314.4000	382.6500	448.5000	1184.5000	478.0000	1975.0000	3277.0000	365.2000	1247.0000	2323.0000	105.1830	1645.0000	4108.0000	523.5000	398.1000	1066.0000	3049.5000	684.0000	1459.0000	2218.5000	383.9000	1873.5000	271.3000	735.0000	874.5000	270.8000	350.0000	1066.0000	
1366700400000.0000	318.3000	373.8000	451.6500	1064.0000	472.0000	1784.0000	2909.0000	388.7000	1037.0000	2298.0000	110.9270	1799.0000	3560.0000	522.0000	410.7000	884.0000	3386.0000	746.5000	1548.0000	2202.0000	382.3000	1595.5000	286.6000	807.5000	858.5000	283.7000	393.1000	1150.0000	
1378450800000.0000	338.2000	367.0000	445.5500	1282.0000	545.0000	1611.9990	3097.0000	393.5000	1070.0000	2352.0000	119.8560	1704.0000	3842.0000	503.0000	498.7000	899.0000	3117.5000	680.5000	1566.0000	2161.5000	447.7000	1581.0000	293.2000	742.0000	1070.0000	342.9000	395.8000	1255.0000	
1388390400000.0000	408.2000	336.3500	485.7500	1298.5000	529.0000	1719.0020	3409.0000	371.1000	856.5000	2473.0000	134.6140	1713.0000	3731.0000	522.0000	442.7000	834.0000	3600.0000	671.5000	1371.0000	2266.0000	434.0000	1338.5000	263.7000	786.5000	1042.0000	377.3000	346.7000	1517.0000	
1377154800000.0000	357.5000	365.8000	437.0000	1168.0000	538.5000	1655.0020	3043.5000	388.3000	1010.0000	2474.0000	108.0840	1707.0000	3817.0000	497.6000	459.3000	908.0000	3230.0000	686.5000	1550.0000	2126.0000	444.7000	1504.5000	286.2000	737.5000	1033.0000	330.5000	387.6000	1277.0000	
1374044400000.0000	365.4000	362.2500	466.5000	1181.0000	546.5000	1790.9960	2915.0000	379.8000	1102.0000	2465.0000	109.3630	1752.0000	3736.0000	488.5000	473.6000	835.0000	3286.5000	710.0000	1610.0000	2316.0000	427.9000	1357.0000	285.0000	755.0000	920.0000	334.0000	381.9000	1350.0000	
1369638000000.0000	358.5000	380.0000	476.4000	1194.0000	523.5000	1731.0040	2867.0000	378.0000	1025.0000	2237.0000	110.6430	2071.0000	3846.0000	523.5000	475.0000	961.0000	3428.0000	787.0000	1606.0000	2287.0000	414.1000	1556.5000	280.0000	836.0000	902.5000	307.7000	389.7000	1250.0000	
1372748400000.0000	356.1000	333.3500	455.6500	1124.5000	527.5000	1697.9950	2693.5000	361.8000	1033.0000	2345.0000	107.9980	1685.0000	3422.0000	483.4000	439.6000	825.5000	3173.0000	695.0000	1550.0000	2183.5000	398.4000	1280.0000	263.8000	746.0000	842.0000	316.2000	364.5000	1331.0000	
1357200000000.0000	289.0000	350.0000	441.7000	1030.0000	403.0000	1765.0020	3658.5000	336.6000	1289.0000	2404.0000	89.5150	1590.0000	4399.0000	448.1000	388.4000	1370.0000	2980.0000	688.0000	1450.0000	2196.5000	352.3000	2014.5000	259.3000	706.5000	696.0000	238.3000	336.8000	817.0000	
1360310400000.0000	310.5000	362.6000	455.6000	1105.5000	439.2000	1588.0040	3658.0000	331.7000	1176.0000	2590.0000	98.8990	1589.0000	4312.0000	457.6000	382.0000	1132.0000	3000.0000	727.5000	1401.0000	2183.0000	336.2000	1972.5000	250.1000	690.0000	774.5000	266.7000	340.1000	981.0000	
1383202800000.0000	385.0000	364.2000	482.7000	1273.5000	572.5000	1610.0010	3158.0000	394.5000	942.5000	2224.0000	127.6760	1857.0000	3861.0000	519.5000	503.5000	855.0000	3309.0000	704.5000	1416.0000	2159.5000	454.7000	1485.0000	281.6000	784.5000	1114.0000	377.0000	353.4000	1309.0000	
1380092400000.0000	356.4000	360.9000	441.5000	1204.5000	553.5000	1596.9990	3139.0000	394.4000	1053.0000	2106.0000	123.5240	1795.0000	3730.0000	485.4000	495.3000	855.5000	3209.0000	695.5000	1489.0000	2139.0000	461.3000	1577.5000	285.0000	737.5000	1068.0000	342.5000	375.6000	1303.0000	
1386921600000.0000	383.7000	324.2000	465.7000	1217.0000	493.9000	1516.0000	3180.0000	389.1000	839.0000	2164.0000	128.8980	1668.0000	3515.0000	478.9010	458.0000	761.0000	3518.5000	657.0000	1331.0000	2155.0000	434.0000	1269.5000	260.8000	756.5000	908.0000	366.9000	323.2000	1474.0000	
1363935600000.0000	311.0000	371.8500	457.7000	1158.5000	486.5000	1895.0000	3108.5000	375.5000	1240.0000	2279.0000	104.3300	1683.0000	3872.0000	519.0000	397.6000	1033.0000	3236.0000	709.0000	1486.0000	2210.0000	388.9000	1729.5000	268.5000	753.5000	877.5000	276.7000	357.6000	1031.0000	
1378796400000.0000	354.4000	372.0500	443.7500	1205.0000	554.5000	1629.9980	3217.5000	396.3000	1057.0000	2450.0000	118.2350	1712.0000	3878.0000	513.5000	510.5000	896.5000	3133.5000	680.0000	1557.0000	2147.5000	447.7000	1632.0000	294.5000	737.0000	1095.0000	348.9000	395.5000	1358.0000	
1375686000000.0000	392.0000	368.1500	455.7500	1195.5000	554.5000	1642.0000	3045.5000	393.2000	1052.0000	2573.0000	112.6050	1791.0000	3803.0000	515.0000	483.4000	893.5000	3298.5000	726.5000	1572.0000	2179.5000	455.4000	1475.5000	287.5000	780.0000	985.5000	338.9000	389.3000	1441.0000	
1385625600000.0000	369.7000	348.1500	481.5000	1259.0000	496.9000	1574.0030	3261.0000	407.8000	864.5000	2236.0000	129.9790	1755.0000	3751.0000	505.0000	485.6000	788.5000	3452.0000	659.0000	1349.0000	2144.5000	433.0000	1375.0000	264.0000	776.0000	1015.0000	374.0000	341.5000	1411.0000	
1358841600000.0000	292.1000	349.5500	455.4500	1145.0000	429.1000	1810.0040	3537.5000	328.9000	1155.0000	2563.0000	92.3590	1601.0000	4162.0000	459.0000	369.7000	1264.0000	3071.5000	717.0000	1435.0000	2267.0000	345.4000	1899.5000	255.9000	696.5000	724.5000	249.7000	342.1000	857.0000	
1361952000000.0000	317.0000	363.8000	446.9500	1163.5000	451.4000	1677.9980	3535.0000	343.9000	1200.0000	2447.0000	93.8940	1620.0000	4191.0000	512.5000	369.5000	1115.0000	2990.5000	736.0000	1437.0000	2209.5000	350.1000	1952.5000	259.0000	721.5000	842.0000	270.0000	347.8000	977.5000	
1366873200000.0000	318.0000	365.0000	458.7000	1076.0000	475.0000	1771.9980	3042.0000	382.0000	1043.0000	2361.0000	111.6950	1812.0000	3685.0000	515.0000	414.5000	953.5000	3325.5000	736.0000	1553.0000	2243.0000	382.4000	1649.0000	285.2000	800.0000	873.5000	288.7000	375.0000	1138.0000	
1381734000000.0000	369.7000	361.5500	443.4000	1205.5000	541.0000	1465.0020	3084.0000	390.0000	1000.0000	2055.0000	125.9980	1808.0000	3633.0000	478.0000	475.6000	867.0000	3186.5000	699.5000	1442.0000	2124.5000	443.8000	1523.5000	279.4000	750.5000	1066.0000	353.5000	358.7000	1263.0000	
1357545600000.0000	286.6000	349.3000	448.7500	1032.0000	412.8000	1749.0030	3574.5000	331.7000	1271.0000	2400.0000	90.7950	1587.0000	4338.0000	449.4000	372.0000	1322.0000	2985.0000	676.0000	1465.0000	2208.0000	350.3000	2000.5000	256.1000	694.0000	697.5000	243.0000	333.9000	840.5000	
1384156800000.0000	381.9000	368.0000	481.1500	1282.0000	509.5000	1571.9950	3274.0000	394.0000	915.5000	2301.0000	129.2960	1798.0000	3912.0000	528.0000	499.3000	818.5000	3292.0000	686.0000	1395.0000	2155.5000	451.7000	1474.0000	275.7000	778.0000	1049.0000	374.1000	355.3000	1217.0000	
1374217200000.0000	367.1000	370.2000	469.8000	1206.5000	548.0000	1815.0010	2917.5000	395.8000	1107.0000	2505.0000	110.2450	1769.0000	3739.0000	489.5000	484.1000	846.0000	3280.0000	727.5000	1632.0000	2319.5000	430.0000	1379.0000	286.5000	774.5000	912.5000	338.1000	382.3000	1402.0000	
1369810800000.0000	359.6000	373.0000	477.5000	1210.5000	527.5000	1800.0000	2860.5000	377.0000	1029.0000	2236.0000	109.7320	2035.0000	3860.0000	522.0000	472.0000	946.0000	3453.5000	755.0000	1569.0000	2304.0000	404.1000	1538.0000	278.1000	797.0000	905.0000	305.4000	378.6000	1258.0000	
1372921200000.0000	369.9000	339.9000	454.7500	1138.0000	550.0000	1734.0020	2757.5000	368.6000	1072.0000	2390.0000	110.2730	1737.0000	3459.0000	491.9010	459.8000	835.0000	3238.0000	701.5000	1582.0000	2192.0000	408.5000	1263.0000	272.1000	752.0000	847.5000	329.1000	374.5000	1367.0000	
1365404400000.0000	302.4000	374.1500	448.0500	1127.5000	471.4000	1746.0040	2991.5000	373.6000	1191.0000	2233.0000	105.0980	1665.0000	3756.0000	518.5000	375.3000	990.5000	3302.5000	706.0000	1517.0000	2137.0000	388.4000	1644.5000	274.9000	785.0000	830.0000	265.7000	369.8000	1023.0000	
1368514800000.0000	347.2000	376.8000	468.5500	1227.0000	521.5000	1768.0010	2967.5000	390.3000	1039.0000	2382.0000	110.0460	2077.0000	3840.0000	535.5000	420.6000	939.5000	3342.5000	760.5000	1611.0000	2355.5000	398.0000	1550.0000	291.9000	847.0000	906.0000	311.5000	384.9000	1130.0000	
1380265200000.0000	368.2000	362.6000	441.1000	1192.0000	555.5000	1608.0020	3067.0000	394.7000	1046.0000	2113.0000	123.5240	1771.0000	3682.0000	484.6000	496.3000	830.0000	3201.0000	689.5000	1468.0000	2146.0000	466.7000	1540.0000	280.0000	739.0000	1048.0000	346.4000	367.0000	1274.0000	
1378969200000.0000	356.0000	371.7500	444.7000	1207.5000	553.0000	1610.0010	3186.5000	400.8000	1068.0000	2430.0000	119.4860	1736.0000	3846.0000	505.0000	506.0000	864.0000	3195.0000	684.0000	1554.0000	2165.5000	446.7000	1620.5000	302.5000	743.0000	1097.0000	348.2000	395.8000	1321.0000	
1375858800000.0000	380.8000	365.0500	443.5500	1194.0000	542.0000	1630.9970	2953.5000	386.3000	1042.0000	2505.0000	112.4340	1764.0000	3689.0000	508.0000	482.1000	844.5000	3222.0000	716.0000	1576.0000	2149.0000	448.7000	1395.0000	285.2000	771.5000	985.5000	328.5000	392.4000	1386.0000	
1374562800000.0000	364.2000	367.1500	470.7500	1210.5000	547.0000	1814.0010	3000.0000	396.7000	1041.0000	2488.0000	109.7040	1747.0000	3826.0000	487.7010	481.7000	857.0000	3290.5000	713.0000	1590.0000	2303.5000	435.3000	1435.0000	285.9000	764.5000	918.0000	339.9000	378.4000	1336.0000	
1371452400000.0000	346.1000	336.5000	458.2000	1193.5000	518.5000	1790.9960	2795.5000	375.5000	1030.0000	2229.0000	103.9030	1755.0000	3631.0000	492.7010	449.4000	896.5000	3246.5000	724.5000	1512.0000	2170.0000	387.3000	1407.0000	268.1000	744.5000	801.5000	312.0000	371.9000	1252.0000	
1359014400000.0000	282.0000	352.5000	467.7000	1171.0000	432.3000	1761.0050	3575.0000	329.6000	1197.0000	2608.0000	95.9130	1635.0000	4277.0000	465.8000	379.7000	1275.0000	3135.0000	747.5000	1381.0000	2285.5000	342.8000	1894.5000	257.0000	698.0000	722.0000	249.2000	347.0000	898.5000	
1362124800000.0000	317.7000	369.4500	446.3500	1155.0000	455.9000	1724.9980	3442.0000	342.9000	1233.0000	2507.0000	95.7140	1620.0000	4160.0000	520.5000	369.5000	1079.0000	3012.5000	739.0000	1457.0000	2245.5000	354.3000	1900.0000	261.3000	725.0000	854.0000	268.5000	355.1000	1017.0000	
1381906800000.0000	376.8000	365.5000	445.7500	1225.5000	546.0000	1473.9970	3215.0000	397.6000	1001.0000	2060.0000	127.9600	1807.0000	3700.0000	481.0000	485.8000	891.0000	3159.5000	705.0000	1423.0000	2163.5000	443.3000	1559.5000	281.1000	752.0000	1094.0000	359.0000	365.4000	1279.0000	
1357718400000.0000	274.9000	349.1500	458.6500	1034.0000	425.0000	1783.0010	3548.0000	329.2000	1243.0000	2441.0000	94.1220	1578.0000	4311.0000	454.9000	371.0000	1311.0000	2986.0000	687.0000	1464.0000	2212.5000	350.1000	2041.0000	252.0000	689.0000	706.0000	247.1000	337.2000	822.0000	
1387440000000.0000	400.5000	323.8500	472.5500	1257.5000	516.0000	1637.0030	3287.0000	366.0000	839.5000	2312.0000	132.8790	1691.0000	3603.0000	502.5010	444.2000	799.5000	3599.0000	655.0000	1372.0000	2211.0000	442.0000	1283.0000	259.4000	787.5000	980.0000	375.1000	337.1000	1520.0000	
1384329600000.0000	377.7000	364.7000	481.2500	1248.0000	505.5000	1582.9980	3194.5000	410.7000	880.5000	2268.0000	130.4620	1825.0000	3808.0000	518.5000	489.2000	813.5000	3267.0000	692.0000	1399.0000	2108.5000	447.2000	1408.5000	274.0000	776.5000	1010.0000	374.9000	363.9000	1233.0000	
1377500400000.0000	357.4000	372.5000	442.9500	1182.0000	538.5000	1607.0020	3069.0000	398.2000	1027.0000	2511.0000	109.0500	1718.0000	3819.0000	498.5010	471.6000	915.0000	3246.5000	690.5000	1555.0000	2148.0000	447.7000	1524.5000	292.8000	742.5000	1058.0000	332.3000	390.0000	1265.0000	
1369983600000.0000	358.5000	365.4500	473.4500	1213.0000	532.5000	1786.9990	2857.0000	374.3000	1045.0000	2245.0000	109.1640	2052.0000	3831.0000	530.0000	470.9000	945.5000	3388.0000	756.0000	1554.0000	2280.5000	405.1000	1526.5000	273.8000	784.5000	871.5000	302.1000	380.0000	1266.0000	
1360656000000.0000	314.1000	371.9500	460.0500	1139.0000	440.7000	1611.9990	3670.0000	336.9000	1180.0000	2628.0000	98.6710	1611.0000	4302.0000	456.4000	387.0000	1121.0000	3018.5000	730.0000	1406.0000	2215.0000	330.4000	1978.5000	262.6000	691.5000	803.0000	271.5000	342.3000	986.5000	
1365577200000.0000	309.1000	380.4500	452.0000	1122.5000	479.9000	1767.0010	3139.0000	382.1000	1167.0000	2272.0000	107.6000	1703.0000	3902.0000	532.5000	383.8000	1032.0000	3326.0000	717.5000	1535.0000	2163.5000	393.0000	1695.0000	279.8000	787.0000	859.5000	277.0000	378.1000	1090.0000	
1368687600000.0000	368.8000	373.9000	465.8000	1209.0000	519.5000	1743.9960	2878.0000	374.5000	1041.0000	2401.0000	112.0640	2062.0000	3823.0000	530.0000	440.7000	924.0000	3389.5000	761.5000	1593.0000	2286.0000	405.5000	1549.0000	282.6000	835.0000	920.0000	316.3000	386.5000	1211.0000	
1387267200000.0000	391.9000	324.5000	465.0000	1234.5000	500.5000	1639.0020	3255.0000	378.6000	836.5000	2210.0000	129.9790	1695.0000	3569.0000	488.1000	452.3000	779.5000	3536.5000	668.0000	1345.0000	2177.5000	432.8000	1281.0000	256.7000	766.0000	960.0000	374.1000	323.1000	1499.0000	
1359360000000.0000	292.9000	355.9500	468.4500	1142.0000	433.0000	1747.0040	3506.0000	330.7000	1169.0000	2612.0000	97.3060	1638.0000	4223.0000	469.4000	381.6000	1259.0000	3145.0000	743.0000	1395.0000	2329.5000	346.9000	1872.5000	257.3000	700.5000	733.0000	252.1000	345.6000	935.5000	
1364281200000.0000	310.4000	373.2500	462.9500	1140.0000	485.2000	1813.0020	3085.5000	376.6000	1251.0000	2250.0000	106.7760	1689.0000	3877.0000	520.0000	394.4000	1021.0000	3256.5000	705.5000	1485.0000	2220.0000	387.9000	1736.0000	276.0000	751.0000	897.5000	277.6000	366.8000	1059.0000	
1376031600000.0000	376.8000	375.0000	443.2500	1211.0000	543.5000	1704.0010	3167.5000	395.0000	1067.0000	2459.0000	111.8650	1781.0000	3927.0000	513.5000	476.4000	942.0000	3235.0000	714.0000	1577.0000	2181.5000	439.9000	1542.5000	290.1000	768.0000	1053.0000	330.5000	391.4000	1377.0000	
1385971200000.0000	375.3000	340.9000	475.3000	1232.0000	489.4000	1586.9950	3231.0000	396.8000	865.5000	2210.0000	128.5290	1744.0000	3644.0000	499.0000	480.1000	780.5000	3510.0000	650.5000	1320.0000	2128.5000	424.0000	1293.0000	259.5000	771.5000	973.0000	367.2000	337.9000	1415.0000	
1374735600000.0000	374.1000	365.8500	473.5500	1185.0000	538.0000	1793.0050	2915.0000	395.0000	1034.0000	2521.0000	110.0460	1762.0000	3756.0000	488.0000	478.6000	871.5000	3280.0000	717.5000	1605.0000	2326.0000	438.8000	1389.0000	288.3000	765.5000	923.0000	334.4000	381.5000	1396.0000	
1371625200000.0000	348.9000	344.6000	455.0000	1195.0000	532.0000	1659.9990	2800.5000	376.5000	1040.0000	2230.0000	103.1920	1696.0000	3624.0000	495.0000	442.3000	869.5000	3241.0000	692.0000	1534.0000	2175.5000	403.3000	1408.0000	267.4000	754.0000	813.5000	313.7000	372.2000	1279.0000	
1367218800000.0000	318.7000	366.9000	456.7500	1083.0000	476.6000	1779.0030	2972.0000	382.1000	1021.0000	2353.0000	111.9510	1818.0000	3664.0000	513.5000	413.2000	910.0000	3362.5000	741.0000	1562.0000	2243.0000	379.0000	1609.0000	288.4000	817.0000	857.0000	280.9000	379.6000	1135.0000	
1370329200000.0000	354.9000	364.4500	469.5000	1205.0000	533.0000	1687.0020	2882.0000	371.9000	1055.0000	2157.0000	109.2210	2032.0000	3789.0000	526.5000	466.3000	956.0000	3343.0000	754.0000	1535.0000	2250.0000	406.4000	1518.5000	272.2000	790.5000	859.5000	296.4000	371.4000	1263.0000	
1382079600000.0000	379.1000	369.1500	447.4500	1233.0000	545.5000	1453.9990	3220.0000	395.0000	989.0000	2092.0000	129.4950	1828.0000	3723.0000	492.3010	495.1000	899.0000	3149.5000	710.0000	1451.0000	2164.5000	444.9000	1532.0000	282.5000	760.5000	1096.0000	365.1000	362.7000	1360.0000	
1357891200000.0000	283.1000	353.2000	461.9500	1053.5000	431.4000	1780.0030	3468.0000	324.0000	1186.0000	2419.0000	93.9510	1573.0000	4150.0000	459.8000	372.5000	1303.0000	3018.0000	695.0000	1450.0000	2215.5000	349.7000	2042.0000	252.5000	687.0000	696.0000	246.0000	335.9000	848.0000	
1384502400000.0000	388.4000	354.5000	488.1000	1257.0000	505.0000	1591.0030	3253.5000	409.0000	897.0000	2272.0000	131.5710	1830.0000	3864.0000	504.5010	498.5000	812.0000	3306.0000	692.5000	1399.0000	2185.5000	449.0000	1430.0000	267.3000	774.0000	1019.0000	379.8000	343.3000	1265.0000	
1377673200000.0000	341.3000	371.2500	452.6500	1267.5000	526.5000	1571.9950	2975.0000	391.3000	1026.0000	2431.0000	107.6570	1710.0000	3754.0000	483.9010	475.0000	874.5000	3217.0000	683.0000	1562.0000	2221.0000	440.0000	1530.5000	292.9000	742.5000	989.0000	323.0000	391.2000	1212.0000	
1373266800000.0000	373.7000	343.0000	460.4500	1141.0000	546.0000	1772.9980	2669.5000	375.0000	1064.0000	2414.0000	109.1360	1738.0000	3378.0000	479.9010	459.7000	802.0000	3242.0000	704.5000	1577.0000	2220.0000	413.7000	1245.0000	273.0000	755.0000	861.0000	335.2000	374.9000	1354.0000	
1360828800000.0000	316.7000	370.5500	450.0500	1137.5000	448.5000	1641.0010	3745.5000	335.8000	1240.0000	2500.0000	95.2880	1579.0000	4450.0000	471.0000	389.5000	1116.0000	2927.5000	718.5000	1409.0000	2171.5000	330.0000	2013.0000	260.5000	686.5000	822.0000	273.7000	344.5000	991.5000	
1365750000000.0000	312.0000	387.7500	448.0000	1112.0000	481.8000	1791.9960	3080.5000	385.1000	1160.0000	2248.0000	108.3680	1706.0000	3785.0000	524.0000	399.6000	1013.0000	3319.5000	721.0000	1534.0000	2178.0000	396.7000	1642.0000	281.3000	792.5000	871.5000	278.2000	379.4000	1103.0000	
1380610800000.0000	368.5000	359.1000	432.4500	1175.5000	549.5000	1541.0040	2996.0000	390.2000	1031.0000	2069.0000	123.9790	1774.0000	3610.0000	484.3010	501.0000	816.0000	3211.5000	700.0000	1469.0000	2116.0000	455.9000	1484.5000	279.8000	731.0000	1037.0000	347.5000	368.1000	1318.0000	
1359532800000.0000	290.6000	357.3500	475.9000	1140.0000	435.6000	1611.9990	3552.0000	334.0000	1155.0000	2600.0000	98.6710	1623.0000	4298.0000	471.3010	383.1000	1169.0000	3152.5000	740.0000	1416.0000	2362.0000	341.0000	1885.0000	252.2000	693.5000	740.5000	250.0000	349.8000	929.5000	
1364454000000.0000	325.6000	381.5500	459.9000	1129.0000	491.0000	1782.0020	3085.0000	378.5000	1231.0000	2304.0000	106.1220	1712.0000	3830.0000	527.5000	390.0000	984.0000	3299.5000	708.5000	1484.0000	2185.0000	394.3000	1692.0000	276.2000	765.0000	894.0000	278.0000	367.7000	1080.0000	
1379314800000.0000	358.8000	372.1000	443.2500	1206.5000	564.0000	1648.9960	3182.5000	396.8000	1071.0000	2449.0000	121.6470	1758.0000	3811.0000	500.5010	513.5000	883.0000	3229.0000	687.5000	1558.0000	2166.5000	446.5000	1583.0000	296.4000	746.0000	1100.0000	346.7000	398.6000	1331.0000	
1386144000000.0000	368.3000	340.0000	476.5000	1222.0000	480.3000	1599.9970	3262.5000	393.0000	876.0000	2171.0000	127.9030	1663.0000	3637.0000	482.6000	475.2000	767.0000	3478.0000	648.5000	1315.0000	2100.0000	420.7000	1311.5000	260.7000	748.5000	941.5000	367.2000	331.3000	1407.0000	
1371798000000.0000	345.5000	330.7000	445.8500	1157.5000	511.5000	1628.9990	2674.0000	358.0000	1023.0000	2210.0000	100.0080	1614.0000	3409.0000	473.2000	418.2000	838.5000	3111.5000	649.0000	1489.0000	2140.0000	387.0000	1352.0000	259.9000	728.5000	779.5000	307.4000	356.8000	1245.0000	
1362470400000.0000	314.8000	372.2000	447.0000	1170.5000	470.0000	1748.0030	3438.5000	344.9000	1240.0000	2531.0000	95.8840	1631.0000	4215.0000	519.5000	369.8000	1095.0000	3042.5000	747.5000	1461.0000	2264.5000	363.9000	1878.5000	265.6000	735.5000	873.5000	268.5000	360.5000	1048.0000	
1367391600000.0000	319.0000	370.6000	465.3500	1089.5000	472.5000	1779.0030	2907.0000	382.0000	995.0000	2304.0000	111.4960	1823.0000	3580.0000	510.5010	413.4000	895.0000	3334.0000	745.5000	1561.0000	2259.0000	378.2000	1563.5000	293.3000	825.5000	858.0000	285.7000	374.2000	1130.0000	
1370502000000.0000	335.0000	344.8000	458.0000	1165.0000	524.5000	1632.9960	2747.5000	363.3000	1006.0000	2135.0000	107.0030	2020.0000	3642.0000	505.5010	442.1000	908.0000	3280.5000	737.0000	1496.0000	2180.5000	398.5000	1440.0000	262.0000	740.0000	804.0000	301.7000	362.9000	1184.0000	
1362985200000.0000	311.1000	377.3500	452.5500	1174.0000	483.3000	1909.0010	3438.0000	346.9000	1254.0000	2502.0000	105.6380	1634.0000	4252.0000	525.5000	362.4000	1095.0000	3039.0000	723.5000	1452.0000	2271.5000	369.2000	1861.0000	268.5000	737.0000	880.0000	270.5000	352.2000	1064.0000	
1366095600000.0000	305.3000	384.8500	445.6000	1079.0000	473.6000	1790.9960	2961.5000	382.3000	1080.0000	2252.0000	107.9980	1738.0000	3683.0000	516.5000	391.5000	944.0000	3315.5000	731.5000	1521.0000	2167.5000	390.1000	1587.0000	279.6000	789.0000	860.5000	274.4000	376.3000	1149.0000	
1387785600000.0000	405.0000	335.4000	484.8500	1273.0000	521.5000	1679.9970	3318.5000	372.6000	848.0000	2464.0000	134.3010	1672.0000	3666.0000	514.0000	447.1000	804.5000	3598.0000	661.5000	1361.0000	2262.5000	430.6000	1265.0000	263.3000	788.5000	1003.0000	376.5000	342.4000	1516.0000	
1377846000000.0000	344.4000	366.5500	446.2000	1227.0000	526.5000	1627.0000	2913.0000	384.6000	1008.0000	2412.0000	117.2970	1688.0000	3756.0000	487.9010	471.7000	855.0000	3178.0000	678.5000	1563.0000	2173.0000	435.1000	1478.5000	290.2000	742.5000	994.5000	325.3000	385.9000	1233.0000	
1376550000000.0000	362.7000	367.0000	441.2000	1178.0000	533.5000	1652.0040	3103.0000	384.5000	1033.0000	2461.0000	109.6760	1715.0000	3951.0000	498.3010	454.2000	930.0000	3192.5000	688.0000	1547.0000	2125.5000	442.5000	1495.5000	287.9000	740.0000	1021.0000	325.6000	383.7000	1252.0000	
1373439600000.0000	376.4000	349.5000	469.4500	1157.0000	562.0000	1810.0040	2709.5000	373.8000	1090.0000	2440.0000	109.4770	1743.0000	3443.0000	475.3010	452.8000	814.5000	3269.5000	711.0000	1600.0000	2271.5000	420.2000	1268.0000	282.0000	760.0000	887.5000	335.7000	374.6000	1336.0000	
1369033200000.0000	372.2000	383.1000	472.5500	1232.0000	523.5000	1787.9980	2903.5000	377.2000	1054.0000	2410.0000	112.3770	2051.0000	3850.0000	536.5000	440.5000	926.0000	3390.5000	784.5000	1646.0000	2304.5000	413.0000	1553.0000	289.3000	847.5000	914.5000	322.2000	393.1000	1235.0000	
1380783600000.0000	369.8000	365.0000	437.1500	1176.0000	539.0000	1479.0030	3000.0000	388.7000	1002.0000	2052.0000	126.2540	1779.0000	3604.0000	481.0000	499.2000	815.0000	3199.0000	694.5000	1467.0000	2115.0000	451.4000	1472.5000	276.1000	739.5000	1045.0000	347.7000	366.3000	1308.0000	
1359705600000.0000	297.0000	360.6000	472.5000	1123.0000	441.4000	1623.0020	3679.0000	333.2000	1179.0000	2586.0000	98.6430	1628.0000	4429.0000	473.5000	382.3000	1159.0000	3068.5000	731.5000	1428.0000	2304.0000	337.9000	1954.0000	251.7000	696.5000	773.5000	264.8000	353.1000	962.0000	
1379487600000.0000	357.1000	378.3000	438.3000	1192.5000	551.5000	1585.9960	3111.5000	389.5000	1043.0000	2401.0000	120.1970	1786.0000	3769.0000	495.5010	504.0000	860.5000	3213.0000	691.5000	1556.0000	2149.0000	444.0000	1577.5000	291.5000	747.5000	1090.0000	342.8000	395.6000	1310.0000	
1376377200000.0000	380.0000	370.8500	446.2500	1219.0000	537.5000	1708.9980	3263.0000	390.8000	1058.0000	2472.0000	112.4340	1767.0000	3980.0000	515.0000	472.6000	979.0000	3311.5000	707.5000	1570.0000	2189.0000	449.1000	1572.5000	290.7000	758.5000	1034.0000	331.3000	390.6000	1344.0000	
1386316800000.0000	378.1000	332.9000	477.4500	1225.0000	495.5000	1623.0020	3305.0000	388.9000	899.5000	2142.0000	131.2870	1663.0000	3690.0000	485.6000	470.7000	769.0000	3489.0000	645.5000	1302.0000	2157.0000	415.8000	1325.0000	260.2000	750.5000	956.5000	370.6000	329.4000	1427.0000	
1375081200000.0000	370.1000	361.0000	467.4000	1179.5000	543.0000	1750.0020	2939.5000	387.0000	1019.0000	2533.0000	110.5570	1756.0000	3785.0000	481.3010	472.6000	876.0000	3273.0000	714.0000	1601.0000	2295.5000	444.1000	1422.0000	284.0000	763.0000	920.0000	336.6000	377.8000	1368.0000	
1362643200000.0000	309.2000	377.0500	449.6000	1161.0000	490.1000	1939.0020	3450.0000	342.0000	1241.0000	2521.0000	101.5720	1624.0000	4186.0000	519.0000	366.2000	1070.0000	3032.0000	726.0000	1455.0000	2272.5000	357.0000	1851.0000	259.0000	732.0000	882.5000	264.0000	356.0000	1055.0000	
1367564400000.0000	324.1000	367.7500	471.3000	1151.0000	484.4000	1722.9990	3022.5000	390.9000	1014.0000	2368.0000	110.2160	1815.0000	3695.0000	508.0000	414.8000	983.0000	3339.5000	740.5000	1567.0000	2296.0000	374.9000	1635.5000	293.0000	825.0000	851.5000	275.0000	376.1000	1133.0000	
1382425200000.0000	380.8000	371.4500	448.0000	1240.5000	550.0000	1502.9980	3261.5000	398.5000	980.0000	2141.0000	129.6380	1864.0000	3901.0000	502.5010	488.6000	904.0000	3187.5000	705.0000	1445.0000	2200.0000	456.2000	1556.0000	283.7000	772.0000	1112.0000	367.2000	364.7000	1336.0000	
1358236800000.0000	281.4000	349.6000	459.5000	1073.5000	425.8000	1774.9960	3490.0000	321.9000	1179.0000	2460.0000	92.7000	1583.0000	4143.0000	459.7000	365.2000	1297.0000	3041.5000	697.5000	1443.0000	2223.5000	343.2000	1961.0000	252.7000	695.0000	697.5000	240.3000	335.2000	861.5000	
1363158000000.0000	315.4000	375.6000	449.3000	1182.0000	484.4000	1838.9960	3377.0000	358.0000	1256.0000	2485.0000	103.6470	1646.0000	4214.0000	519.5000	359.0000	1095.0000	3066.0000	714.5000	1456.0000	2262.0000	379.1000	1860.0000	271.6000	743.5000	881.5000	265.8000	355.5000	1071.0000	
1366268400000.0000	303.7000	365.4500	441.8000	1043.0000	468.5000	1775.9960	2878.0000	375.8000	1024.0000	2300.0000	109.4770	1783.0000	3543.0000	512.5000	390.0000	889.5000	3335.5000	736.5000	1527.0000	2137.0000	379.2000	1562.0000	280.0000	790.0000	834.5000	276.0000	380.3000	1110.0000	
1381129200000.0000	369.1000	362.0000	438.6000	1169.0000	542.5000	1468.0000	3000.0000	387.7000	1002.0000	2057.0000	124.4340	1771.0000	3604.0000	484.9010	480.3000	820.5000	3170.5000	695.5000	1448.0000	2108.5000	450.0000	1485.5000	276.6000	740.5000	1065.0000	347.0000	365.6000	1260.0000	
1387958400000.0000	404.6000	336.5000	486.2000	1283.0000	523.5000	1690.0000	3325.0000	371.8000	838.0000	2455.0000	134.4430	1687.0000	3668.0000	518.5000	445.5000	805.0000	3612.0000	665.0000	1368.0000	2265.5000	431.4000	1275.5000	263.8000	786.5000	1003.0000	378.4000	345.3000	1521.0000	
1384848000000.0000	388.2000	356.9500	486.7500	1258.5000	506.5000	1593.0010	3259.0000	411.7000	890.0000	2239.0000	131.9700	1843.0000	3856.0000	503.5010	495.1000	805.0000	3308.0000	684.5000	1389.0000	2190.0000	441.0000	1400.0000	268.4000	779.5000	1011.0000	379.8000	342.0000	1345.0000	
1383552000000.0000	379.2000	362.5000	489.2000	1283.0000	493.9000	1550.9980	3289.5000	395.2000	949.0000	2249.0000	130.8030	1821.0000	3899.0000	523.5000	487.1000	863.5000	3288.0000	692.0000	1411.0000	2189.0000	455.0000	1494.5000	281.0000	780.5000	1122.0000	377.2000	355.1000	1230.0000	
1373612400000.0000	374.1000	349.5500	464.1500	1177.5000	555.0000	1812.0030	2799.0000	382.8000	1101.0000	2457.0000	110.2160	1732.0000	3600.0000	483.1000	466.1000	832.5000	3267.0000	706.0000	1597.0000	2302.0000	423.4000	1294.5000	283.0000	760.5000	903.5000	339.2000	370.2000	1352.0000	
1361174400000.0000	316.6000	366.9500	445.0000	1146.5000	448.0000	1707.9990	3711.0000	332.8000	1245.0000	2462.0000	94.8610	1605.0000	4439.0000	472.5000	383.6000	1098.0000	2912.0000	723.5000	1409.0000	2161.0000	327.4000	1983.0000	263.9000	692.5000	827.5000	274.2000	349.1000	990.5000	
1369206000000.0000	373.2000	386.0000	483.3000	1237.0000	532.5000	1862.0010	3042.5000	382.0000	1073.0000	2253.0000	111.9220	2045.0000	4002.0000	540.0000	475.2000	1002.0000	3485.5000	781.5000	1662.0000	2338.5000	427.0000	1653.5000	282.6000	840.5000	937.5000	321.5000	392.8000	1285.0000	
1372316400000.0000	361.2000	333.6000	456.6000	1131.5000	518.5000	1659.9990	2702.5000	358.3000	1017.0000	2311.0000	105.9790	1656.0000	3389.0000	475.7010	432.7000	816.5000	3152.0000	680.0000	1519.0000	2182.5000	391.2000	1265.0000	261.6000	739.0000	810.0000	309.0000	359.0000	1295.0000	
1364799600000.0000	325.6000	381.5500	459.9000	1129.0000	491.0000	1782.0020	3085.0000	378.5000	1231.0000	2304.0000	106.1220	1712.0000	3830.0000	527.5000	390.0000	984.0000	3299.5000	708.5000	1484.0000	2185.0000	394.3000	1692.0000	276.2000	765.0000	894.0000	278.0000	367.7000	1080.0000	
1379660400000.0000	360.9000	376.2500	442.0500	1200.5000	552.5000	1613.9980	3102.5000	396.4000	1075.0000	2398.0000	118.5760	1820.0000	3751.0000	489.8000	503.5000	851.5000	3257.0000	704.0000	1575.0000	2167.5000	448.0000	1591.0000	288.6000	758.5000	1055.0000	342.5000	402.2000	1296.0000	
1375254000000.0000	382.2000	367.3000	454.5500	1186.5000	547.5000	1780.0030	2955.0000	393.6000	1038.0000	2543.0000	112.3200	1773.0000	3758.0000	491.8000	481.5000	882.0000	3335.0000	721.5000	1575.0000	2319.5000	445.9000	1408.0000	289.1000	786.5000	979.0000	340.7000	391.0000	1412.0000	
1372143600000.0000	344.6000	327.9000	448.5500	1130.0000	508.5000	1658.0000	2649.0000	352.9000	1013.0000	2291.0000	102.4820	1628.0000	3379.0000	453.7010	426.0000	819.0000	3064.5000	665.5000	1467.0000	2124.5000	387.7000	1299.0000	257.4000	718.5000	779.0000	304.9000	351.4000	1248.0000	
