#
# unknown PARAMETER set 
#
#
# TimeSeriesTable of series:
#
# TT.L_Close [253,253] Werte
# TSCO.L_Close [253,253] Werte
# BP.L_Close [253,253] Werte
# BG.L_Close [253,253] Werte
# MGGT.L_Close [253,253] Werte
# AGK.L_Close [253,253] Werte
# RIO.L_Close [253,253] Werte
# SBRY.L_Close [253,253] Werte
# TLW.L_Close [253,253] Werte
# CCL.L_Close [253,253] Werte
# VOD.L_Close [253,253] Werte
# SVT.L_Close [253,253] Werte
# BLT.L_Close [253,253] Werte
# REX.L_Close [253,253] Werte
# MKS.L_Close [253,253] Werte
# ANTO.L_Close [253,253] Werte
# AZN.L_Close [253,253] Werte
# UU.L_Close [253,253] Werte
# SSE.L_Close [253,253] Werte
# RDSB.L_Close [253,253] Werte
# BA.L_Close [253,253] Werte
# AAL.L_Close [253,253] Werte
# MRW.L_Close [253,253] Werte
# NG.L_Close [253,253] Werte
# MNDI.L_Close [253,253] Werte
# BT-A.L_Close [253,253] Werte
# CNA.L_Close [253,253] Werte
# EZJ.L_Close [253,253] Werte
#
#
Y	Y	Y	Y	Y	Y	Y	Y	Y	Y	Y	Y	Y	Y	Y	Y	Y	Y	Y	Y	Y	Y	Y	Y	Y	Y	Y	Y	
1321344000000.0000	159.8000	405.0000	457.1500	1367.5000	382.9000	1780.0030	3458.0000	305.4000	1362.0000	2156.0000	102.7090	1600.0000	3922.0000	331.0000	332.8000	1166.0000	2905.0000	637.0000	1318.0000	2288.0000	284.5000	2453.5000	320.0000	629.0000	449.2000	192.3000	302.0000	356.4000	
1298966400000.0000	237.1000	400.5500	490.0000	1452.5000	351.7000	1465.9970	4294.0000	370.8000	1408.0000	2601.0000	99.2120	1468.0000	4855.0000	365.9000	339.8000	1418.0000	2980.5000	586.5000	1218.0000	2174.5000	324.0000	3306.0000	278.0000	565.0000	550.0000	180.8000	333.5000	354.4000	
1306998000000.0000	230.1000	414.3500	455.6500	1330.0000	362.6000	1872.9960	4142.5000	338.7000	1302.0000	2395.0000	91.4770	1493.0000	4654.0000	391.4000	380.6000	1269.0000	3125.0000	613.0000	1387.0000	2125.5000	325.4000	2950.0000	301.2000	592.0000	611.0000	199.5000	314.6000	360.1000	
1310108400000.0000	229.1000	411.5000	458.5000	1412.5000	389.1000	2004.9980	4501.5000	327.6000	1303.0000	2343.0000	94.0080	1499.0000	4908.0000	386.7000	378.9000	1424.0000	3129.0000	607.0000	1413.0000	2272.0000	310.8000	3128.0000	299.9000	614.0000	655.0000	201.5000	327.5000	343.2000	
1297670400000.0000	243.7000	394.3000	480.0000	1520.0000	364.2000	1534.9950	4682.0000	389.0000	1440.0000	2952.0000	102.3110	1446.0000	5110.0000	374.1000	363.5000	1486.0000	3004.0000	577.5000	1183.0000	2093.5000	352.2000	3437.0000	275.0000	572.5000	533.0000	183.8000	340.3000	379.7000	
1302591600000.0000	232.4000	398.0500	461.3500	1488.0000	342.0000	1611.0010	4403.0000	338.0000	1413.0000	2476.0000	99.8080	1439.0000	5088.0000	372.4000	360.6000	1411.0000	2982.0000	601.0000	1311.0000	2208.0000	334.4000	3187.0000	283.4000	586.0000	595.5000	189.3000	321.6000	336.0000	
1305702000000.0000	239.3000	416.8000	441.0500	1373.0000	361.1000	1715.0000	4162.5000	344.0000	1336.0000	2566.0000	97.5060	1496.0000	4759.0000	384.1000	393.1000	1208.0000	3194.0000	616.5000	1313.0000	2170.0000	336.8000	2976.0000	303.0000	614.5000	603.0000	195.7000	318.0000	353.7010	
1324281600000.0000	153.6000	383.8500	437.6500	1314.0000	337.3000	1848.0000	3027.0000	288.2000	1299.0000	2136.0000	99.2400	1465.0000	3633.0000	338.5000	307.6000	1150.0000	2949.0000	590.0000	1245.0000	2333.0000	269.6000	2274.5000	316.5000	607.5000	430.7000	187.0000	282.9000	381.6000	
1313046000000.0000	155.0000	367.2000	396.6000	1225.0000	333.6000	1768.0010	3531.5000	296.9000	1045.0000	1830.0000	91.9320	1432.0000	3932.0000	351.9000	331.9000	1218.0000	2689.5000	584.0000	1214.0000	1948.0000	252.7000	2386.0000	279.0000	579.0000	526.0000	169.2000	296.0000	330.6010	
1309935600000.0000	227.2000	406.6500	455.0000	1448.0000	382.3000	1989.9960	4493.5000	331.7000	1313.0000	2420.0000	93.7230	1492.0000	4942.0000	391.8000	376.5000	1437.0000	3145.0000	603.5000	1412.0000	2255.5000	315.6000	3116.0000	299.3000	615.5000	647.0000	202.7000	326.1000	358.2000	
1305529200000.0000	248.2000	417.7000	438.4500	1340.0000	363.9000	1750.0020	4171.0000	356.3000	1328.0000	2603.0000	95.6850	1495.0000	4784.0000	387.7000	397.7000	1185.0000	3193.5000	622.5000	1334.0000	2143.0000	339.0000	2978.5000	302.3000	616.0000	600.0000	194.0000	314.2000	354.6000	
1308639600000.0000	221.4000	402.4000	445.7000	1346.0000	361.7000	1874.9970	4218.0000	322.2000	1275.0000	2324.0000	93.2680	1443.0000	4630.0000	374.4000	364.8000	1272.0000	3025.0000	595.5000	1386.0000	2168.5000	307.6000	2915.0000	294.9000	590.5000	604.0000	198.6000	321.6000	354.4000	
1320390000000.0000	162.2000	405.5500	452.5500	1383.0000	384.2000	1786.9990	3485.0000	302.0000	1430.0000	2183.0000	98.3590	1543.0000	3975.0000	345.2000	323.5000	1211.0000	2974.0000	616.5000	1314.0000	2219.0000	273.9000	2338.5000	312.2000	622.5000	465.5000	191.2000	297.7000	353.8000	
1296201600000.0000	259.8000	398.1000	486.8000	1334.0000	365.0000	1458.0030	4281.5000	371.1000	1334.0000	2895.0000	101.3160	1391.0000	4758.0000	334.5000	355.0000	1398.0000	3042.5000	547.0000	1166.0000	2181.0000	348.9000	3031.0000	264.0000	546.0000	510.0000	177.1000	323.5000	380.0000	
1319094000000.0000	158.2000	402.7000	429.8000	1318.5000	364.8000	1704.0010	3015.0000	299.5000	1382.0000	2160.0000	99.3250	1524.0000	3666.0000	324.0000	332.6000	1039.0000	2973.5000	612.0000	1351.0000	2289.5000	271.8000	2180.5000	302.0000	638.0000	448.4000	178.2000	298.0000	344.7000	
1315983600000.0000	144.1000	365.9500	395.1000	1235.0000	315.1000	1800.0000	3530.0000	278.8000	1412.0000	2060.0000	92.3020	1471.0000	3898.0000	325.0000	326.5000	1242.0000	2769.5000	594.5000	1281.0000	2054.0000	273.2000	2421.0000	292.9000	625.0000	533.0000	169.4000	295.3000	324.6000	
1322812800000.0000	169.6000	405.0000	464.8000	1364.0000	384.0000	1884.9970	3346.5000	299.1000	1403.0000	2241.0000	97.8750	1498.0000	4001.0000	345.4000	330.1000	1199.0000	2923.5000	613.0000	1274.0000	2308.0000	272.9000	2471.0000	316.7000	607.5000	463.6000	185.5000	296.3000	380.8000	
1314687600000.0000	154.4000	364.8000	397.6000	1275.0000	336.0000	1864.9990	3673.5000	292.7000	1026.0000	1959.0000	92.4150	1444.0000	4085.0000	348.1000	309.4000	1282.0000	2865.0000	591.5000	1272.0000	2020.5000	268.2000	2483.0000	286.0000	613.0000	535.5000	163.8000	297.4000	337.8000	
1311577200000.0000	193.8000	396.5000	475.4000	1425.0000	397.6000	1995.9960	4420.0000	311.9000	1299.0000	2265.0000	92.1310	1461.0000	4718.0000	382.0000	356.1000	1419.0000	3055.0000	598.0000	1410.0000	2292.5000	303.9000	3026.5000	293.6000	608.5000	620.0000	196.8000	328.4000	369.1010	
1321516800000.0000	151.8000	401.8500	455.6000	1337.0000	389.2000	1770.9990	3324.0000	299.0000	1335.0000	2052.0000	98.6710	1600.0000	3813.0000	332.8000	319.4000	1103.0000	2876.5000	632.0000	1286.0000	2298.0000	275.2000	2394.0000	313.8000	641.5000	444.1000	184.9000	294.6000	357.2000	
1299139200000.0000	241.8000	402.0000	491.5000	1480.0000	354.5000	1476.9970	4351.0000	371.5000	1466.0000	2663.0000	102.7940	1513.0000	4968.0000	364.9000	339.1000	1447.0000	2959.0000	599.5000	1220.0000	2176.5000	327.7000	3360.5000	281.2000	571.5000	555.0000	183.5000	336.0000	352.0330	
1294732800000.0000	256.4000	425.3500	500.0000	1334.0000	380.9000	1509.0020	4446.0000	390.4000	1369.0000	3128.0000	98.7850	1461.0000	5038.0000	351.1000	373.2000	1532.0000	3000.0000	588.5000	1211.0000	2138.0000	340.0000	3283.5000	272.9000	551.5000	512.5000	190.8000	333.1000	465.0000	
1297843200000.0000	243.3000	401.3000	488.8500	1496.5000	357.8000	1494.0000	4520.0000	389.3000	1409.0000	2975.0000	103.9320	1451.0000	4928.0000	370.6000	364.3000	1432.0000	3035.0000	583.0000	1190.0000	2138.5000	355.7000	3330.5000	280.5000	568.5000	539.0000	185.4000	345.8000	383.0000	
1302764400000.0000	230.0000	406.1500	460.0500	1489.0000	348.0000	1595.0030	4350.0000	341.7000	1401.0000	2410.0000	99.7800	1434.0000	5037.0000	376.9000	370.8000	1355.0000	2982.5000	606.5000	1316.0000	2202.0000	329.5000	3136.0000	286.3000	595.5000	573.5000	188.3000	328.5000	338.0000	
1305874800000.0000	237.4000	419.5000	460.0000	1378.0000	363.0000	1752.9990	4115.0000	342.0000	1331.0000	2536.0000	98.8990	1502.0000	4720.0000	384.2000	398.8000	1207.0000	3179.0000	629.0000	1341.0000	2150.0000	337.4000	2951.5000	308.3000	632.5000	602.5000	198.4000	319.9000	362.7000	
1317625200000.0000	148.7000	370.5000	386.8500	1234.0000	330.4000	1605.0040	2819.5000	281.1000	1300.0000	1967.0000	95.8560	1543.0000	3420.0000	307.8000	318.0000	921.0000	2866.0000	625.5000	1312.0000	1978.5000	260.0000	2214.0000	286.9000	640.0000	472.8000	170.6000	300.1000	344.1000	
1324454400000.0000	156.3000	382.9000	439.5500	1310.0000	345.5000	1972.0010	3085.0000	287.3000	1319.0000	2131.0000	98.4150	1454.0000	3669.0000	341.7000	302.7000	1189.0000	2883.0000	589.0000	1239.0000	2374.0000	272.6000	2300.0000	316.2000	597.5000	442.7000	188.4000	278.8000	380.1010	
1301468400000.0000	229.3000	385.7500	458.4500	1564.5000	343.9000	1556.0000	4410.0000	334.7000	1459.0000	2467.0000	102.2830	1465.0000	4898.0000	364.4000	340.7000	1392.0000	2900.0000	597.5000	1262.0000	2253.5000	329.3000	3224.0000	273.8000	595.5000	593.5000	184.7000	330.7000	337.9000	
1323158400000.0000	164.7000	398.7500	465.5500	1383.0000	366.4000	1897.9980	3351.0000	294.9000	1396.0000	2251.0000	99.2120	1469.0000	4008.0000	352.5000	314.9000	1228.0000	2937.0000	602.0000	1257.0000	2333.5000	276.7000	2494.5000	317.5000	604.5000	469.4000	192.1000	288.1000	379.4000	
1308812400000.0000	222.4000	395.2000	435.5000	1289.0000	353.1000	1823.9970	4156.5000	323.0000	1215.0000	2334.0000	92.7000	1375.0000	4488.0000	368.8000	362.0000	1237.0000	3023.0000	564.5000	1368.0000	2117.5000	304.9000	2818.0000	289.5000	586.0000	592.0000	198.5000	320.5000	353.4000	
1299484800000.0000	238.9000	399.1000	497.5000	1480.0000	354.3000	1505.0000	4210.0000	367.6000	1493.0000	2568.0000	101.6290	1508.0000	4941.0000	368.5000	335.9000	1420.0000	2980.0000	585.0000	1215.0000	2187.5000	325.1000	3286.0000	279.8000	573.5000	568.5000	183.8000	336.2000	354.0000	
1301295600000.0000	227.3000	388.3500	477.1000	1537.5000	339.8000	1536.0000	4279.0000	342.3000	1417.0000	2455.0000	101.1170	1436.0000	4727.0000	366.0000	353.3000	1405.0000	2872.5000	588.5000	1250.0000	2238.0000	328.5000	3184.0000	270.2000	592.0000	581.0000	181.6000	323.0000	335.6000	
1304406000000.0000	245.7000	406.0000	457.9500	1504.0000	355.4000	1785.9990	4292.5000	350.0000	1416.0000	2457.0000	97.9890	1507.0000	4974.0000	388.3000	384.4000	1332.0000	3062.0000	631.0000	1348.0000	2336.0000	329.8000	3115.0000	297.9000	616.5000	596.5000	194.3000	324.0000	352.7000	
1316156400000.0000	158.5000	373.8000	413.5500	1283.5000	320.1000	1816.0000	3625.0000	285.9000	1395.0000	2074.0000	93.2120	1488.0000	4004.0000	333.1000	335.0000	1300.0000	2849.0000	602.5000	1301.0000	2112.0000	284.3000	2523.5000	292.5000	620.5000	551.0000	175.8000	300.0000	330.5000	
1314860400000.0000	154.0000	380.9000	388.5000	1324.0000	349.0000	1923.0020	3768.5000	302.2000	1109.0000	1981.0000	93.4960	1459.0000	4212.0000	355.5000	322.5000	1349.0000	2916.0000	597.0000	1294.0000	2085.5000	274.3000	2579.5000	293.9000	623.0000	545.0000	173.5000	300.5000	348.4000	
1311750000000.0000	195.6000	391.6500	460.2000	1465.5000	387.5000	1943.0000	4396.0000	306.5000	1259.0000	2227.0000	93.2970	1464.0000	4668.0000	377.1000	349.2000	1410.0000	3010.0000	601.0000	1327.0000	2272.5000	292.5000	3022.0000	291.9000	606.5000	627.5000	190.7000	320.3000	371.4000	
1307343600000.0000	225.0000	417.5000	450.9000	1351.0000	366.0000	1903.9950	4148.0000	339.3000	1317.0000	2353.0000	93.0690	1463.0000	4652.0000	391.3000	380.2000	1290.0000	3153.5000	602.0000	1371.0000	2143.5000	324.2000	2984.0000	301.0000	589.5000	603.0000	197.2000	314.5000	361.5000	
1310454000000.0000	204.7000	408.1000	453.2500	1398.0000	376.1000	1992.9980	4388.5000	323.0000	1284.0000	2304.0000	92.4440	1443.0000	4804.0000	372.5000	373.0000	1400.0000	3093.0000	587.0000	1399.0000	2220.0000	299.0000	2992.0000	298.0000	606.0000	633.0000	196.2000	323.9000	323.6000	
1294905600000.0000	262.5000	405.5500	503.7000	1319.5000	377.7000	1518.0020	4503.5000	381.5000	1381.0000	3120.0000	97.7610	1419.0000	5045.0000	345.8000	380.0000	1539.0000	2995.0000	564.5000	1213.0000	2120.0000	342.6000	3410.0000	264.6000	530.0000	528.0000	185.5000	329.2000	457.3000	
1298016000000.0000	249.9000	410.0000	493.0000	1467.0000	348.0000	1454.9970	4397.0000	384.0000	1376.0000	2907.0000	103.3350	1471.0000	4782.0000	375.4000	357.5000	1407.0000	3033.5000	594.5000	1211.0000	2184.5000	342.7000	3227.0000	285.0000	574.5000	535.0000	185.4000	344.9000	385.0000	
1317798000000.0000	147.1000	393.2500	390.3000	1225.0000	329.4000	1597.9980	2905.5000	284.6000	1272.0000	1985.0000	95.9980	1521.0000	3556.0000	310.1000	308.8000	945.5000	2893.0000	614.0000	1289.0000	2018.0000	258.4000	2231.0000	293.9000	627.0000	465.0000	173.7000	302.8000	331.7010	
1324627200000.0000	158.7000	391.0000	459.7000	1348.5000	350.9000	2002.0020	3157.5000	295.2000	1385.0000	2115.0000	100.2640	1481.0000	3748.0000	349.9000	307.0000	1228.0000	2954.5000	597.5000	1258.0000	2427.0000	278.4000	2358.5000	320.7000	618.0000	450.0000	192.5000	290.3000	385.9000	
1301641200000.0000	226.4000	388.9500	470.0000	1564.5000	350.0000	1593.9980	4419.0000	334.4000	1478.0000	2466.0000	101.8560	1476.0000	5024.0000	364.7000	338.9000	1397.0000	2895.0000	598.5000	1284.0000	2283.5000	330.4000	3256.0000	277.8000	597.5000	608.5000	188.2000	330.2000	332.6000	
1323331200000.0000	155.9000	397.2000	451.1000	1332.0000	352.5000	1872.9940	3216.5000	293.5000	1343.0000	2203.0000	98.0740	1473.0000	3868.0000	343.7000	311.8000	1192.0000	2923.5000	599.5000	1257.0000	2315.0000	275.2000	2400.0000	318.2000	610.0000	450.1000	191.7000	285.7000	371.3010	
1316502000000.0000	153.6000	371.1500	414.5000	1276.5000	331.0000	1786.9990	3537.5000	281.0000	1367.0000	2145.0000	93.8090	1509.0000	3930.0000	327.1000	335.6000	1197.0000	2856.0000	610.0000	1326.0000	2137.0000	286.7000	2455.0000	295.2000	638.5000	531.0000	175.1000	300.2000	317.3000	
1313391600000.0000	164.7000	379.7500	416.7000	1293.5000	348.7000	1894.0010	3694.0000	299.8000	1081.0000	1900.0000	95.4300	1494.0000	4079.0000	362.3000	339.9000	1264.0000	2826.5000	599.0000	1268.0000	2028.0000	264.0000	2448.0000	283.8000	599.0000	539.0000	178.5000	310.2000	347.1010	
1296547200000.0000	251.5000	403.0000	491.0000	1440.0000	352.2000	1454.0010	4344.0000	386.7000	1382.0000	2860.0000	100.6620	1405.0000	4860.0000	349.3000	358.3000	1472.0000	3031.5000	555.0000	1177.0000	2245.5000	333.6000	3167.0000	274.5000	560.0000	515.0000	179.1000	327.9000	377.0000	
1299657600000.0000	239.7000	398.0500	485.0500	1452.0000	345.8000	1489.0030	4088.0000	371.0000	1413.0000	2660.0000	102.4820	1485.0000	4766.0000	371.6000	340.9000	1354.0000	2971.0000	581.5000	1205.0000	2133.5000	330.3000	3218.5000	280.5000	578.5000	565.0000	190.1000	337.6000	361.7000	
1304578800000.0000	241.9000	408.4500	441.0500	1406.0000	346.8000	1732.9990	4087.0000	349.2000	1319.0000	2550.0000	96.2540	1482.0000	4771.0000	385.4000	395.2000	1203.0000	3081.0000	631.5000	1330.0000	2243.0000	323.8000	2945.0000	303.3000	610.0000	602.5000	194.9000	313.9000	342.9000	
1319439600000.0000	172.6000	405.2000	438.1000	1327.0000	371.4000	1714.0050	3373.5000	306.5000	1413.0000	2313.0000	100.0080	1525.0000	3992.0000	338.6000	335.1000	1178.0000	3046.0000	616.0000	1349.0000	2303.0000	284.7000	2315.5000	301.8000	629.5000	472.6000	183.6000	308.8000	360.8000	
1295251200000.0000	270.0000	410.5000	500.7000	1313.5000	370.5000	1511.0030	4384.5000	380.5000	1365.0000	3119.0000	99.5240	1416.0000	4934.0000	349.5000	381.0000	1489.0000	2978.5000	563.0000	1201.0000	2098.0000	349.4000	3289.5000	267.6000	532.0000	528.5000	183.2000	328.8000	447.1000	
1300172400000.0000	224.1000	382.4000	451.2500	1509.0000	332.2990	1520.0020	3935.0000	355.3000	1349.0000	2493.0000	97.6760	1420.0000	4501.0000	355.5000	331.9000	1309.0000	2854.0000	564.5000	1189.0000	2071.0000	317.0000	3031.5000	274.1000	543.5000	542.0000	181.2000	322.2000	338.5000	
1311922800000.0000	195.0000	383.4500	461.0000	1444.0000	388.3000	1932.9960	4300.0000	304.1000	1230.0000	2116.0000	97.8180	1431.0000	4546.0000	371.5000	346.2000	1410.0000	2973.0000	588.5000	1307.0000	2239.5000	304.0000	2900.0000	290.9000	597.0000	599.0000	201.0000	306.6000	367.0000	
1321862400000.0000	150.6000	391.1500	440.0000	1268.0000	384.9000	1716.0030	3083.0000	291.8000	1260.0000	2075.0000	95.9980	1551.0000	3560.0000	329.0000	311.6000	1009.0000	2806.5000	606.5000	1259.0000	2225.5000	262.2000	2241.0000	309.4000	629.0000	420.6000	181.0000	286.1000	352.4000	
1307516400000.0000	222.7000	408.9000	444.1500	1351.0000	353.9000	1909.0020	4147.0000	331.4000	1299.0000	2306.0000	91.9320	1453.0000	4590.0000	389.2000	371.2000	1226.0000	3161.5000	599.0000	1383.0000	2136.0000	319.5000	2924.5000	296.2000	594.5000	612.0000	195.6000	322.0000	355.3000	
1310626800000.0000	192.5000	402.0000	457.9500	1401.0000	380.9000	2034.0020	4387.5000	317.0000	1269.0000	2232.0000	90.7660	1436.0000	4772.0000	378.9000	355.0000	1416.0000	3073.0000	584.5000	1399.0000	2223.5000	303.0000	3006.0000	293.6000	604.5000	645.5000	193.8000	319.7000	314.4000	
1303110000000.0000	225.1000	400.0000	451.6500	1470.0000	340.0000	1593.0020	4201.5000	338.9000	1372.0000	2403.0000	99.2970	1428.0000	4909.0000	373.8000	370.8000	1304.0000	2952.5000	604.5000	1307.0000	2150.0000	329.0000	2983.0000	284.5000	589.0000	562.0000	189.5000	320.2000	326.1000	
1306220400000.0000	229.3000	413.2500	456.4000	1376.5000	357.9000	1768.9960	4115.0000	342.1000	1305.0000	2470.0000	96.5380	1481.0000	4690.0000	379.7000	385.6000	1196.0000	3122.5000	614.5000	1338.0000	2120.5000	328.7000	2873.5000	300.0000	624.5000	592.0000	196.6000	321.0000	345.0000	
1317970800000.0000	159.9000	405.3500	393.6000	1309.5000	340.1000	1690.0000	3164.0000	292.2000	1362.0000	2063.0000	96.5380	1566.0000	3735.0000	321.2000	326.4000	1063.0000	2961.0000	624.5000	1346.0000	2093.0000	268.5000	2330.0000	300.7000	649.5000	485.0000	178.6000	308.7000	351.8000	
1316674800000.0000	148.5000	356.2500	384.0000	1174.5000	320.3000	1729.9950	3023.0000	263.5000	1269.0000	2030.0000	90.5100	1476.0000	3463.0000	308.8000	323.6000	972.5000	2779.0000	601.5000	1283.0000	2019.0000	275.4000	2230.0000	283.5000	631.0000	484.5000	168.0000	282.6000	340.0000	
1313564400000.0000	162.7000	384.2500	413.0000	1307.5000	345.0000	1886.9950	3739.0000	304.3000	1070.0000	1890.0000	95.3440	1464.0000	4044.0000	358.5000	339.7000	1262.0000	2850.0000	588.0000	1270.0000	1992.0000	264.4000	2471.0000	290.9000	604.0000	514.0000	176.2000	300.6000	345.2000	
1312268400000.0000	184.1000	380.0000	447.0500	1413.0000	376.3000	1872.9940	4176.0000	300.9000	1215.0000	2029.0000	96.0840	1451.0000	4429.0000	353.8000	335.6000	1328.0000	2896.5000	591.0000	1290.0000	2221.0000	289.0000	2802.5000	291.2000	602.5000	571.0000	200.5000	301.9000	342.9000	
1309158000000.0000	226.3000	396.5000	440.0000	1303.5000	361.6000	1827.9990	4268.0000	327.1000	1218.0000	2383.0000	93.1550	1415.0000	4626.0000	372.1000	368.0000	1283.0000	3026.0000	587.5000	1391.0000	2126.5000	305.4000	2882.5000	291.9000	595.5000	590.0000	197.9000	323.7000	350.3000	
1296720000000.0000	243.0000	405.0000	477.9500	1434.5000	348.0000	1496.9970	4494.0000	387.0000	1395.0000	2850.0000	100.6620	1390.0000	5010.0000	353.5000	357.6000	1524.0000	2963.0000	555.0000	1166.0000	2177.5000	329.6000	3240.0000	271.2000	546.0000	513.0000	184.9000	326.1000	379.3000	
1299830400000.0000	230.7000	391.7500	468.4000	1460.0000	336.2000	1407.0040	3963.5000	367.1000	1388.0000	2600.0000	101.7420	1461.0000	4633.0000	364.1000	335.7000	1339.0000	2949.0000	576.0000	1201.0000	2100.0000	320.7000	3128.5000	286.0000	569.0000	553.0000	188.0000	331.5000	349.8000	
1319612400000.0000	171.8000	405.5500	461.0000	1395.0000	380.5000	1702.0020	3300.0000	303.5000	1427.0000	2292.0000	100.4910	1512.0000	3937.0000	339.5000	329.0000	1176.0000	3041.5000	617.5000	1350.0000	2319.0000	279.0000	2308.0000	303.8000	640.0000	474.6000	184.6000	300.8000	357.1000	
1295424000000.0000	269.5000	403.7500	506.0000	1329.5000	356.9000	1483.0000	4375.0000	380.8000	1360.0000	3018.0000	100.4340	1429.0000	4940.0000	340.0000	373.4000	1476.0000	2979.0000	562.0000	1206.0000	2140.0000	349.9000	3219.0000	267.1000	531.0000	508.0000	179.3000	330.0000	455.8000	
1300345200000.0000	224.5000	384.0500	457.6000	1520.0000	328.6000	1476.0020	3998.5000	352.9000	1377.0000	2498.0000	97.5060	1402.0000	4562.0000	356.5000	335.1000	1347.0000	2839.5000	560.5000	1205.0000	2111.5000	307.1000	2993.0000	276.6000	552.5000	554.0000	178.3000	318.4000	336.5000	
1315206000000.0000	140.5000	361.2500	363.2000	1234.0000	329.0000	1806.9960	3488.5000	287.1000	1075.0000	1830.0000	89.5720	1420.0000	3908.0000	339.1000	302.4000	1233.0000	2739.5000	583.5000	1248.0000	1959.5000	257.6000	2368.5000	285.1000	609.0000	518.5000	163.4000	286.3000	324.6000	
1325145600000.0000	162.0000	402.7500	460.8500	1370.5000	351.0000	2038.9990	3115.5000	296.0000	1380.0000	2141.0000	101.7710	1497.0000	3746.0000	350.2000	309.5000	1218.0000	2970.0000	604.5000	1280.0000	2472.0000	282.9000	2367.0000	324.1000	627.5000	455.1000	192.0000	289.7000	390.4000	
1322035200000.0000	154.0000	384.7500	426.4000	1262.0000	361.1000	1699.0040	2985.5000	287.2000	1250.0000	1990.0000	94.5760	1549.0000	3482.0000	326.1000	307.1000	1028.0000	2759.0000	603.0000	1254.0000	2179.0000	256.6000	2188.5000	310.5000	632.0000	413.5000	176.6000	288.3000	344.1000	
1307689200000.0000	212.9000	406.5000	442.0500	1347.0000	352.3000	1934.9950	4104.0000	323.4000	1291.0000	2299.0000	90.3680	1446.0000	4559.0000	387.2000	358.7000	1242.0000	3108.0000	598.5000	1370.0000	2134.0000	312.8000	2891.0000	293.7000	591.0000	609.0000	193.9000	321.0000	352.5000	
1320739200000.0000	161.5000	408.7000	457.3000	1400.0000	388.1000	1778.0040	3520.0000	300.3000	1436.0000	2210.0000	100.0930	1565.0000	4034.0000	332.2000	323.5000	1220.0000	2873.0000	614.5000	1336.0000	2265.0000	277.6000	2415.0000	311.0000	621.5000	468.0000	193.1000	302.0000	355.0000	
1298361600000.0000	243.3000	408.8500	492.7500	1444.0000	345.3000	1427.9990	4340.5000	377.1000	1380.0000	2760.0000	101.4580	1458.0000	4826.0000	370.0000	350.5000	1383.0000	3009.5000	586.5000	1210.0000	2181.0000	326.8000	3208.0000	283.9000	563.0000	540.5000	180.5000	338.7000	366.0000	
1303282800000.0000	231.9000	397.5000	466.2500	1518.5000	352.0000	1635.9980	4366.5000	342.2000	1430.0000	2432.0000	100.4630	1465.0000	5068.0000	381.0000	381.8000	1390.0000	3035.0000	620.5000	1322.0000	2250.0000	325.1000	3175.0000	288.3000	603.5000	580.0000	192.3000	332.0000	328.8000	
1306393200000.0000	231.8000	411.7500	461.2000	1392.0000	357.6000	1781.0020	4148.5000	343.0000	1305.0000	2395.0000	95.2300	1502.0000	4723.0000	386.6000	390.6000	1258.0000	3140.0000	622.0000	1347.0000	2142.0000	329.7000	2944.0000	303.5000	616.0000	595.0000	196.0000	317.5000	350.0000	
1324972800000.0000	158.7000	391.0000	459.7000	1348.5000	350.9000	2002.0020	3157.5000	295.2000	1385.0000	2115.0000	100.2640	1481.0000	3748.0000	349.9000	307.0000	1228.0000	2954.5000	597.5000	1258.0000	2427.0000	278.4000	2358.5000	320.7000	618.0000	450.0000	192.5000	290.3000	385.9000	
1301986800000.0000	228.5000	390.0000	474.8500	1562.5000	348.4000	1644.9970	4413.0000	332.7000	1470.0000	2471.0000	100.1780	1451.0000	5054.0000	369.1000	340.2000	1437.0000	2906.5000	589.5000	1295.0000	2260.0000	333.9000	3273.0000	280.0000	589.0000	599.5000	190.4000	329.7000	325.8000	
1323676800000.0000	152.2000	391.5000	444.5500	1324.5000	348.2000	1812.0030	3119.0000	292.7000	1328.0000	2175.0000	98.4720	1473.0000	3794.0000	342.8000	312.3000	1156.0000	2920.5000	599.0000	1260.0000	2325.0000	275.3000	2347.0000	314.1000	604.5000	442.0000	189.6000	285.1000	376.0000	
1313737200000.0000	147.8000	370.2500	389.9000	1220.0000	311.9000	1693.9980	3431.5000	296.4000	946.0000	1742.0000	90.9660	1407.0000	3720.0000	340.4000	325.3000	1183.0000	2731.5000	571.5000	1214.0000	1890.5000	253.5000	2238.5000	279.8000	590.5000	492.1000	162.1000	295.3000	324.5000	
1312441200000.0000	173.8000	370.2000	420.5000	1300.0000	364.0000	1738.9990	3796.5000	288.5000	1074.0000	1912.0000	95.7140	1441.0000	4026.0000	368.5000	330.5000	1214.0000	2714.0000	588.5000	1300.0000	2010.0000	271.6000	2610.0000	290.0000	599.5000	531.5000	194.3000	302.9000	321.6000	
1309330800000.0000	225.7000	397.7500	449.3500	1350.0000	379.1000	1883.0000	4412.0000	328.4000	1244.0000	2413.0000	94.0650	1463.0000	4809.0000	381.1000	361.6000	1365.0000	3086.5000	598.5000	1398.0000	2176.0000	317.4000	3015.0000	293.9000	608.0000	610.0000	198.6000	324.9000	357.9000	
1304924400000.0000	243.6000	404.1000	454.5000	1435.5000	354.5000	1763.0030	4135.5000	349.2000	1350.0000	2556.0000	96.7380	1466.0000	4812.0000	389.8000	392.2000	1203.0000	3100.5000	613.0000	1308.0000	2206.5000	323.7000	3017.0000	303.0000	614.5000	601.0000	197.0000	303.5000	346.8000	
1308034800000.0000	211.3000	407.3000	440.5000	1366.0000	357.9000	1911.0030	4144.0000	326.8000	1301.0000	2238.0000	91.4200	1453.0000	4620.0000	386.4000	368.1000	1257.0000	3129.5000	606.0000	1374.0000	2155.5000	315.1000	2902.5000	295.2000	594.0000	609.0000	200.4000	326.0000	355.2000	
1319785200000.0000	177.2000	405.4500	467.2000	1424.0000	391.1000	1727.9960	3620.0000	303.7000	1445.0000	2351.0000	99.1260	1534.0000	4204.0000	352.8000	329.2000	1255.0000	3053.5000	607.5000	1345.0000	2283.0000	286.2000	2462.0000	301.3000	622.5000	488.4000	187.9000	301.4000	367.6000	
1295596800000.0000	267.0000	400.0000	497.3000	1313.0000	358.0000	1419.0000	4243.0000	370.6000	1330.0000	2980.0000	99.9220	1401.0000	4786.0000	339.5000	368.0000	1411.0000	2963.5000	550.0000	1217.0000	2138.0000	349.6000	3091.0000	264.1000	542.0000	489.8000	174.6000	326.5000	382.0000	
1315378800000.0000	143.9000	374.7000	386.5000	1293.5000	327.6000	1892.0020	3697.0000	293.5000	1171.0000	1979.0000	92.8140	1473.0000	4072.0000	338.6000	313.8000	1329.0000	2855.0000	601.5000	1296.0000	2077.0000	275.1000	2475.5000	289.4000	632.5000	525.5000	169.8000	298.3000	334.3000	
1322208000000.0000	154.6000	384.2000	425.4000	1245.0000	365.5000	1738.0000	3032.0000	286.0000	1252.0000	2003.0000	94.6050	1497.0000	3519.0000	330.8000	307.6000	1044.0000	2755.0000	600.0000	1254.0000	2171.0000	255.8000	2221.5000	311.2000	631.5000	415.0000	177.2000	286.6000	361.4010	
1310972400000.0000	178.2000	395.0000	456.0000	1381.0000	369.2000	1969.0030	4308.0000	314.2000	1260.0000	2185.0000	89.4300	1427.0000	4575.0000	369.9000	352.2000	1381.0000	3015.0000	581.0000	1410.0000	2218.5000	296.9000	2902.5000	293.5000	598.5000	608.0000	187.6000	318.5000	301.0000	
1320912000000.0000	156.0000	400.1500	448.6500	1379.5000	369.7000	1771.9980	3419.0000	296.7000	1337.0000	2146.0000	101.1450	1576.0000	3913.0000	327.7000	322.6000	1159.0000	2843.0000	617.0000	1308.0000	2240.0000	272.9000	2383.5000	317.8000	612.0000	453.7000	188.4000	297.2000	341.5000	
1298534400000.0000	236.5000	401.9000	493.0000	1481.0000	334.9000	1388.9960	4170.0000	372.2000	1389.0000	2685.0000	98.5290	1451.0000	4721.0000	356.7000	347.8000	1348.0000	2945.0000	581.0000	1218.0000	2190.0000	325.5000	3178.5000	279.2000	566.0000	535.0000	176.0000	333.6000	354.8010	
1318316400000.0000	162.5000	407.0000	405.8500	1307.5000	356.9000	1692.9980	3261.5000	294.7000	1397.0000	2130.0000	98.1030	1565.0000	3824.0000	323.7000	327.9000	1077.0000	3004.0000	618.5000	1342.0000	2152.0000	281.1000	2391.0000	297.9000	640.0000	506.0000	180.3000	307.6000	364.0000	
1294128000000.0000	255.7000	433.1000	492.9000	1330.5000	373.0000	1485.9970	4502.0000	383.9000	1308.0000	3096.0000	96.6520	1486.0000	5107.0000	338.8000	374.4000	1622.0000	2990.0000	597.5000	1239.0000	2159.5000	342.3000	3407.0000	271.3000	568.0000	527.5000	185.0000	332.1000	457.6000	
1297238400000.0000	244.1000	394.5000	476.4500	1472.0000	364.5000	1511.9990	4659.0000	391.2000	1403.0000	2975.0000	102.4250	1469.0000	5016.0000	365.8000	373.1000	1456.0000	3034.5000	570.0000	1167.0000	2135.0000	350.9000	3297.5000	279.1000	561.0000	512.0000	186.0000	333.8000	389.1000	
1302159600000.0000	234.8000	394.0000	474.9000	1544.0000	344.8000	1695.9970	4385.0000	335.5000	1463.0000	2442.0000	100.9460	1440.0000	5034.0000	371.0000	356.9000	1453.9300	2931.0000	591.0000	1283.0000	2251.5000	335.0000	3219.0000	279.1000	590.0000	596.0000	189.3000	319.6000	336.5410	
1323849600000.0000	149.4000	386.3500	440.9500	1328.0000	339.5000	1798.0020	3035.5000	288.6000	1328.0000	2134.0000	99.0690	1467.0000	3671.0000	338.9000	308.0000	1120.0000	2915.0000	591.0000	1251.0000	2330.5000	268.7000	2279.5000	316.9000	605.5000	427.1000	187.0000	281.6000	373.6000	
1317020400000.0000	151.3000	371.4000	384.7000	1144.0000	318.8000	1699.0040	2964.5000	270.9000	1290.0000	2056.0000	92.4150	1494.0000	3494.0000	306.9000	327.0000	950.0000	2783.5000	601.5000	1281.0000	1999.5000	271.6000	2264.0000	287.1000	623.5000	482.7000	171.0000	292.6000	353.0000	
1309503600000.0000	226.8000	401.1500	459.6500	1427.5000	382.1000	1943.9950	4532.0000	328.9000	1252.0000	2457.0000	93.3250	1494.0000	4919.0000	395.0000	367.6000	1420.0000	3124.0000	610.5000	1398.0000	2238.0000	318.9000	3102.0000	295.0000	615.5000	639.0000	199.9000	325.9000	361.5000	
1297065600000.0000	245.0000	402.1000	481.4500	1440.0000	364.2000	1489.9980	4625.0000	390.1000	1417.0000	2927.0000	100.9750	1452.0000	5083.0000	368.9000	359.8000	1495.0000	2957.0000	575.0000	1169.0000	2169.0000	341.2000	3411.0000	277.5000	552.0000	532.0000	184.7000	330.6000	395.0000	
1305097200000.0000	245.1000	412.0000	448.0000	1367.0000	361.5000	1788.0000	4184.0000	357.1000	1348.0000	2590.0000	96.5100	1507.0000	4812.0000	391.9000	399.2000	1189.0000	3142.5000	623.5000	1351.0000	2205.0000	335.1000	2991.0000	301.7000	627.5000	607.5000	201.9000	311.7000	357.1000	
1308207600000.0000	213.9000	397.3500	433.9000	1327.5000	355.6000	1865.9970	4080.0000	324.7000	1249.0000	2200.0000	90.9940	1431.0000	4550.0000	376.7000	362.1000	1215.0000	3032.0000	595.5000	1356.0000	2111.5000	312.6000	2811.0000	295.2000	589.0000	595.5000	195.9000	318.7000	347.7000	
1300690800000.0000	232.7000	384.3500	464.6000	1481.5000	336.0000	1544.0040	4057.5000	357.5000	1377.0000	2530.0000	100.0930	1437.0000	4609.0000	364.9000	342.0000	1367.0000	2854.5000	579.5000	1235.0000	2178.0000	325.1000	3061.5000	278.0000	578.0000	565.0000	181.4000	327.8000	343.1000	
1303801200000.0000	236.1000	406.7000	464.2000	1535.0000	358.4000	1710.0030	4405.5000	341.3000	1450.0000	2366.0000	98.3590	1475.0000	5120.0000	384.5000	383.4000	1396.0000	3068.0000	620.5000	1339.0000	2293.0000	329.4000	3132.0000	291.4000	607.0000	588.0000	193.3000	333.0000	340.4000	
1315551600000.0000	141.6000	368.8500	378.0000	1269.5000	316.4000	1875.0030	3564.0000	285.7000	1413.0000	1925.0000	92.1310	1454.0000	3922.0000	329.5000	314.5000	1289.0000	2796.5000	592.0000	1275.0000	2046.0000	272.5000	2404.0000	299.8000	622.0000	522.5000	165.8000	292.5000	310.3000	
1311145200000.0000	184.8000	392.3500	472.0000	1397.0000	377.3000	1995.9960	4420.5000	313.1000	1273.0000	2234.0000	91.1640	1441.0000	4729.0000	378.1000	352.2000	1423.0000	3032.5000	584.5000	1423.0000	2244.5000	302.2000	2974.0000	293.7000	600.5000	618.5000	194.3000	328.0000	310.1000	
1318489200000.0000	159.9000	404.7000	405.8000	1313.0000	361.6000	1687.0020	3283.5000	295.3000	1360.0000	2149.0000	98.7280	1549.0000	3820.0000	321.9000	330.1000	1078.0000	2982.0000	608.5000	1343.0000	2176.0000	282.1000	2305.5000	301.3000	635.0000	503.0000	181.0000	309.8000	360.0000	
1294300800000.0000	256.8000	429.9500	496.9000	1311.5000	379.0000	1474.0010	4437.0000	387.3000	1321.0000	3150.0000	99.9220	1463.0000	5034.0000	343.8000	388.2000	1537.0000	3026.0000	597.0000	1220.0000	2117.0000	350.9000	3309.5000	268.2000	579.5000	519.5000	185.4000	335.0000	455.0010	
1297411200000.0000	243.6000	395.0500	475.7500	1524.0000	367.0000	1520.0020	4623.5000	388.5000	1452.0000	2983.0000	102.3680	1441.0000	5050.0000	375.0000	368.0000	1459.0000	3020.5000	573.0000	1181.0000	2124.5000	356.5000	3421.5000	276.7000	572.5000	528.0000	185.3000	344.6000	385.0000	
1324022400000.0000	154.4000	382.9000	445.7500	1320.5000	340.9000	1817.0000	3060.0000	287.7000	1329.0000	2150.0000	99.2400	1465.0000	3687.0000	340.8000	307.7000	1172.0000	2913.0000	592.0000	1254.0000	2343.0000	272.4000	2298.5000	315.7000	613.5000	439.2000	189.9000	283.8000	379.6000	
1317193200000.0000	155.7000	381.0000	399.9000	1262.5000	329.2000	1744.9950	3057.0000	274.4000	1316.0000	2051.0000	94.8040	1530.0000	3598.0000	312.7000	330.0000	990.0000	2861.0000	613.5000	1305.0000	2017.0000	270.4000	2340.5000	285.3000	629.0000	496.1000	173.8000	296.2000	355.0000	
1314082800000.0000	148.8000	377.2000	396.0500	1250.5000	314.5000	1754.9990	3426.0000	302.9000	946.5000	1750.0000	93.6380	1434.0000	3780.0000	345.1000	327.9000	1206.0000	2832.5000	579.5000	1244.0000	1964.0000	258.8000	2234.0000	285.7000	596.5000	494.5000	162.8000	303.4000	317.8000	
1312786800000.0000	162.3000	361.9000	403.0500	1189.0000	338.0000	1627.9990	3387.5000	280.4000	951.5000	1823.0000	92.4440	1415.0000	3692.0000	347.5000	325.7000	1136.0000	2595.0000	560.0000	1237.0000	1894.5000	256.0000	2365.0000	280.8000	575.5000	504.5000	169.8000	294.8000	325.4000	
1305270000000.0000	250.0000	419.0500	442.2000	1322.0000	362.0000	1810.9960	4093.0000	362.8000	1330.0000	2633.0000	95.2880	1497.0000	4680.0000	394.5000	398.4000	1142.0000	3193.5000	622.0000	1335.0000	2148.0000	339.2000	2917.5000	304.3000	619.5000	606.0000	196.1000	317.3000	354.6000	
1320130800000.0000	161.4000	398.0000	444.0000	1331.5000	371.9000	1675.9990	3252.5000	290.3000	1345.0000	2158.0000	97.7050	1483.0000	3830.0000	332.8000	312.0000	1114.0000	2960.0000	594.0000	1328.0000	2230.5000	271.4000	2244.5000	301.1000	616.0000	448.1000	180.6000	291.5000	343.1000	
1295942400000.0000	270.3000	399.0000	497.0000	1326.5000	359.7000	1410.0000	4290.0000	371.9000	1331.0000	2948.0000	102.0840	1424.0000	4789.0000	337.1000	361.4000	1390.0000	3029.0000	555.5000	1215.0000	2162.0000	351.6000	3075.0000	264.7000	547.0000	493.8000	176.2000	326.1000	380.0000	
1300863600000.0000	224.6000	380.1500	470.2500	1475.0000	334.3000	1516.9960	4128.0000	335.3000	1403.0000	2468.0000	99.2970	1419.0000	4650.0000	363.4000	345.5000	1391.0000	2834.0000	579.5000	1207.0000	2199.0000	318.8000	3117.0000	274.4000	585.0000	559.5000	180.4000	317.6000	327.9000	
1303974000000.0000	239.2000	403.5500	462.5500	1533.5000	359.0000	1787.0040	4360.0000	348.3000	1433.0000	2415.0000	97.5910	1501.0000	5049.0000	390.6000	388.0000	1367.0000	2990.0000	631.5000	1358.0000	2327.0000	327.9000	3120.5000	294.8000	614.0000	592.0000	195.8000	320.9000	348.0000	
1318834800000.0000	160.1000	406.1000	425.5500	1345.5000	362.4000	1728.9960	3302.0000	300.3000	1375.0000	2146.0000	98.6140	1524.0000	3820.0000	323.5000	334.9000	1078.0000	2973.0000	605.0000	1349.0000	2241.0000	282.6000	2304.0000	304.6000	638.0000	493.9000	181.1000	305.3000	354.1000	
1322553600000.0000	164.0000	398.3000	438.8000	1310.0000	373.6000	1840.9950	3138.5000	297.5000	1332.0000	2100.0000	96.5670	1536.0000	3672.0000	340.7000	318.2000	1084.0000	2840.5000	612.0000	1293.0000	2209.0000	261.2000	2308.5000	319.0000	641.0000	436.9000	185.4000	294.6000	371.1000	
1311318000000.0000	196.0000	397.4500	470.3500	1409.5000	396.5000	1993.9980	4421.5000	316.4000	1302.0000	2288.0000	93.5820	1451.0000	4746.0000	383.9000	361.1000	1422.0000	3054.0000	588.0000	1413.0000	2290.5000	305.0000	3025.0000	293.1000	610.0000	617.5000	198.0000	330.3000	368.0010	
1321257600000.0000	164.1000	402.7500	458.8000	1362.5000	385.5000	1788.9970	3423.0000	304.0000	1347.0000	2185.0000	103.9030	1583.0000	3941.0000	332.2000	330.9000	1175.0000	2899.0000	629.0000	1317.0000	2296.5000	285.8000	2448.0000	317.8000	624.5000	456.4000	191.9000	303.7000	366.0000	
1298880000000.0000	242.5000	404.2000	494.7000	1496.5000	338.2000	1447.0030	4309.5000	380.0000	1436.0000	2754.0000	99.1260	1487.0000	4867.0000	365.0000	346.4000	1407.0000	2996.0000	592.0000	1239.0000	2198.5000	328.9000	3333.5000	276.8000	571.0000	548.5000	182.2000	340.1000	357.5000	
1306911600000.0000	233.0000	418.5000	466.1500	1363.0000	364.0000	1881.9950	4255.0000	341.9000	1317.0000	2411.0000	91.8750	1505.0000	4784.0000	395.2000	386.4000	1309.0000	3185.0000	618.0000	1380.0000	2167.0000	329.5000	3016.5000	301.8000	596.0000	615.5000	201.7000	316.7000	363.8000	
1310022000000.0000	231.8000	407.1500	462.6000	1449.5000	386.7000	2009.9960	4595.0000	330.5000	1330.0000	2410.0000	94.5480	1497.0000	5043.0000	389.3000	376.6000	1491.0000	3160.0000	606.5000	1423.0000	2286.0000	315.0000	3181.0000	300.7000	617.5000	664.0000	203.4000	327.5000	349.9000	
1302505200000.0000	230.1000	395.2000	474.8000	1545.0000	347.5000	1651.0000	4528.0000	336.9000	1471.0000	2366.0000	100.6330	1440.0000	5263.0000	372.0000	359.5000	1485.0000	2966.5000	602.0000	1318.0000	2270.5000	339.0000	3339.5000	281.1000	590.0000	606.5000	190.8000	324.8000	322.3000	
1317366000000.0000	149.3000	378.0000	388.5000	1241.5000	334.9000	1628.9990	2888.5000	274.8000	1309.0000	2015.0000	94.5480	1541.0000	3476.0000	310.8000	314.6000	926.5000	2868.0000	624.0000	1295.0000	2012.0000	267.3000	2229.0000	290.5000	638.5000	473.7000	173.7000	297.7000	343.9000	
1314255600000.0000	151.0000	367.8000	386.1000	1218.5000	328.2000	1765.0020	3500.0000	296.0000	999.0000	1826.0000	92.6140	1432.0000	3888.0000	344.0000	316.1000	1206.0000	2818.0000	580.0000	1236.0000	1946.0000	260.6000	2301.5000	280.0000	589.5000	507.0000	163.5000	297.9000	327.3010	
1312959600000.0000	164.3000	360.0500	396.4000	1179.5000	328.7000	1695.9960	3416.5000	285.5000	974.0000	1792.0000	88.1790	1415.0000	3732.0000	344.2000	325.4000	1144.0000	2543.5000	572.0000	1193.0000	1901.5000	248.1000	2314.0000	277.0000	569.0000	490.5000	164.9000	287.3000	310.4000	
1309849200000.0000	227.3000	406.3000	459.3500	1451.5000	384.2000	1991.9970	4478.0000	334.2000	1301.0000	2440.0000	94.5760	1493.0000	4919.0000	394.3000	376.0000	1435.0000	3166.5000	609.5000	1417.0000	2250.0000	317.9000	3126.0000	300.4000	614.0000	654.0000	204.1000	328.2000	366.6000	
1308553200000.0000	214.0000	403.9000	429.6500	1311.0000	353.4000	1874.0010	4095.0000	323.6000	1242.0000	2192.0000	92.3020	1436.0000	4517.0000	366.8000	360.1000	1210.0000	3030.0000	600.0000	1365.0000	2120.5000	307.5000	2816.0000	294.8000	585.0000	590.5000	195.7000	317.1000	350.4010	
1320303600000.0000	164.7000	406.7000	456.7000	1387.0000	393.7000	1764.0030	3446.0000	302.1000	1415.0000	2215.0000	98.7570	1555.0000	3972.0000	345.8000	319.0000	1190.0000	2976.5000	619.5000	1357.0000	2242.0000	277.8000	2356.5000	307.1000	626.5000	467.4000	192.7000	299.3000	359.7000	
1296115200000.0000	271.9000	398.8000	486.4000	1392.0000	370.0000	1505.0000	4414.0000	376.0000	1351.0000	2930.0000	101.8280	1412.0000	4875.0000	337.5000	360.7000	1440.0000	3042.0000	556.5000	1178.0000	2193.5000	347.2000	3143.0000	266.0000	546.0000	526.0000	180.8000	325.4000	378.5000	
1301036400000.0000	226.0000	388.4500	483.5500	1533.0000	337.6000	1540.0020	4243.5000	346.0000	1415.0000	2481.0000	100.4060	1441.0000	4696.0000	369.4000	351.1000	1417.0000	2874.0000	587.5000	1231.0000	2258.0000	325.9000	3211.0000	273.7000	589.5000	582.0000	182.3000	321.8000	324.5000	
1319007600000.0000	158.5000	403.5500	436.9500	1358.0000	364.9000	1742.9970	3138.0000	302.1000	1434.0000	2187.0000	98.7000	1527.0000	3780.0000	325.6000	328.9000	1076.0000	2981.0000	612.5000	1343.0000	2277.5000	278.5000	2271.0000	302.9000	636.5000	482.5000	181.5000	306.3000	350.3000	
1315897200000.0000	138.1000	364.1000	381.6000	1236.5000	305.0000	1812.0030	3547.0000	276.9000	1385.0000	1986.0000	91.1070	1447.0000	3904.0000	322.1000	318.6000	1238.0000	2761.0000	584.0000	1267.0000	2041.5000	272.8000	2409.0000	293.0000	619.0000	522.0000	164.5000	292.5000	311.3000	
1322726400000.0000	165.2000	406.0000	454.3500	1350.5000	382.8000	1886.9950	3304.0000	303.2000	1388.0000	2189.0000	98.4720	1553.0000	3846.0000	342.9000	324.8000	1170.0000	2912.0000	623.5000	1318.0000	2267.0000	271.3000	2427.0000	322.9000	627.5000	451.0000	189.0000	301.7000	380.0000	
1321430400000.0000	160.1000	406.7000	464.2500	1363.5000	391.9000	1804.9970	3446.0000	300.4000	1378.0000	2145.0000	98.8990	1589.0000	3922.0000	325.1000	325.0000	1174.0000	2898.0000	632.0000	1303.0000	2321.5000	281.3000	2465.0000	317.2000	626.5000	444.6000	189.2000	294.8000	358.9000	
1299052800000.0000	231.1000	399.1500	484.5000	1451.0000	348.0000	1463.0000	4246.5000	369.5000	1411.0000	2604.0000	100.0080	1474.0000	4862.0000	360.5000	334.8000	1409.0000	2951.5000	592.0000	1212.0000	2138.5000	320.8000	3268.0000	278.1000	567.5000	537.5000	179.5000	332.0000	351.4000	
1307084400000.0000	227.6000	414.5500	454.3500	1342.0000	365.2000	1880.0040	4107.5000	339.7000	1314.0000	2373.0000	93.2120	1480.0000	4611.0000	390.0000	381.5000	1275.0000	3129.0000	610.0000	1380.0000	2135.5000	324.2000	2940.0000	301.1000	593.0000	604.0000	198.0000	314.1000	359.7000	
1294646400000.0000	254.9000	429.6500	486.3500	1325.0000	376.0000	1460.0040	4389.0000	389.3000	1350.0000	3097.0000	100.5480	1461.0000	4948.0000	350.0000	384.0000	1505.0000	2966.0000	592.0000	1219.0000	2137.5000	340.4000	3226.5000	271.0000	565.0000	504.0000	187.3000	333.8000	462.2000	
1297756800000.0000	242.2000	399.3000	486.2000	1514.5000	358.4000	1496.0010	4550.0000	389.0000	1427.0000	2930.0000	102.1120	1448.5000	5000.0000	365.2000	361.6000	1428.0000	3006.5000	573.5000	1183.0000	2111.5000	350.8000	3306.5000	280.0000	564.5000	540.5000	182.0000	339.8000	382.1000	
1302678000000.0000	231.8000	406.0000	464.2000	1497.0000	349.0000	1613.9980	4408.5000	342.1000	1413.0000	2436.0000	100.4060	1444.0000	5080.0000	377.0000	367.2000	1406.0000	3013.0000	607.0000	1325.0000	2227.5000	334.2000	3146.5000	285.2000	599.0000	580.0000	189.1000	327.1000	341.6010	
1305788400000.0000	239.2000	414.5000	447.9000	1388.0000	367.3000	1772.9980	4150.0000	343.0000	1332.0000	2575.0000	98.2450	1515.0000	4742.0000	386.9000	399.9000	1201.0000	3189.5000	626.5000	1327.0000	2164.5000	340.8000	2960.5000	305.3000	622.5000	607.5000	196.4000	322.1000	360.2000	
1324368000000.0000	157.4000	387.9500	444.0000	1331.0000	350.3000	1970.0030	3096.0000	292.9000	1347.0000	2130.0000	99.1260	1467.0000	3676.0000	344.0000	309.5000	1183.0000	2905.0000	591.0000	1243.0000	2355.0000	277.5000	2328.5000	318.0000	607.0000	442.3000	189.2000	284.6000	385.0000	
1301382000000.0000	228.3000	386.4500	466.5500	1542.0000	341.8000	1544.0040	4366.0000	337.9000	1444.0000	2469.0000	102.9370	1435.0000	4829.0000	363.0000	351.3000	1404.0000	2864.0000	589.5000	1267.0000	2250.0000	331.7000	3252.0000	268.5000	594.5000	585.0000	182.1000	322.6000	340.0000	
1323072000000.0000	166.4000	406.7500	466.3000	1366.0000	383.5000	1872.9940	3384.0000	298.4000	1392.0000	2258.0000	98.4150	1498.0000	4024.0000	348.6000	329.0000	1203.0000	2908.5000	615.5000	1277.0000	2327.5000	275.8000	2501.5000	317.8000	605.0000	470.5000	188.6000	293.1000	386.2000	
1313132400000.0000	163.3000	381.0000	404.8500	1280.5000	341.8000	1879.0000	3688.5000	299.9000	1057.0000	1898.0000	94.5480	1477.0000	4036.0000	361.9000	339.8000	1259.0000	2779.5000	601.5000	1249.0000	2018.0000	260.9000	2431.0000	280.2000	594.0000	535.5000	179.5000	305.5000	342.6000	
1305615600000.0000	243.8000	413.2500	434.8000	1332.0000	362.4000	1730.9980	4100.5000	354.7000	1306.0000	2561.0000	96.5100	1495.0000	4688.0000	383.3000	391.3000	1174.0000	3161.5000	617.0000	1330.0000	2121.0000	337.1000	2913.5000	300.5000	615.5000	593.0000	194.8000	315.4000	352.7000	
1308726000000.0000	225.0000	398.8000	445.2500	1330.5000	361.0000	1861.9960	4262.0000	325.9000	1259.0000	2318.0000	93.4960	1398.0000	4635.0000	371.0000	366.5000	1281.0000	3046.0000	575.0000	1385.0000	2168.0000	308.8000	2915.0000	292.0000	592.0000	603.0000	200.9000	327.2000	351.4000	
1319180400000.0000	164.0000	405.2000	439.4000	1354.5000	364.6000	1709.9970	3151.0000	306.0000	1423.0000	2256.0000	99.8370	1535.0000	3794.0000	336.3000	330.6000	1096.0000	3040.5000	619.5000	1354.0000	2314.0000	275.6000	2220.0000	301.1000	636.0000	453.2000	182.0000	303.1000	351.5010	
1316070000000.0000	150.0000	370.9500	411.0000	1262.0000	319.7000	1837.9970	3606.0000	282.4000	1400.0000	2082.0000	92.8990	1489.0000	3972.0000	332.3000	330.8000	1291.0000	2806.0000	600.0000	1301.0000	2127.5000	279.0000	2496.5000	293.2000	619.5000	535.0000	172.9000	299.4000	329.9000	
1294992000000.0000	264.4000	405.5500	499.5000	1319.5000	374.9000	1518.0020	4436.0000	379.7000	1388.0000	3130.0000	97.7900	1424.0000	5000.0000	350.4000	377.6000	1502.0000	2990.0000	560.5000	1199.0000	2107.5000	346.7000	3317.3000	266.8000	531.0000	529.0000	182.0000	327.2000	450.5010	
1314774000000.0000	153.4000	378.6000	402.4500	1332.0000	344.5000	1939.0020	3802.0000	299.9000	1075.0000	2009.0000	91.5620	1469.0000	4212.0000	353.9000	322.2000	1349.0000	2920.0000	600.0000	1300.0000	2079.5000	275.3000	2567.5000	289.0000	621.0000	547.0000	171.5000	299.2000	343.4000	
1311663600000.0000	196.8000	395.3500	463.2500	1486.5000	391.2000	1995.9960	4421.0000	312.2000	1281.0000	2268.0000	93.8090	1463.0000	4677.0000	382.2000	353.0000	1425.0000	3051.0000	599.5000	1401.0000	2314.5000	301.3000	3061.5000	293.4000	610.0000	624.0000	195.5000	325.7000	376.3000	
1321603200000.0000	154.1000	395.7000	449.9500	1320.0000	387.5000	1750.0020	3276.0000	298.6000	1311.0000	2086.0000	97.1360	1571.0000	3740.0000	332.1000	317.9000	1076.0000	2857.0000	618.5000	1280.0000	2294.5000	268.6000	2359.0000	311.7000	642.0000	444.7000	186.1000	288.9000	361.0000	
1299225600000.0000	239.4000	401.7500	493.9000	1476.0000	353.6000	1483.9960	4314.0000	368.7000	1484.0000	2590.0000	101.7420	1508.0000	4983.0000	365.8000	336.3000	1437.0000	2986.5000	589.0000	1222.0000	2190.5000	324.3000	3325.0000	280.9000	572.0000	567.5000	184.0000	336.7000	353.5000	
1310367600000.0000	221.2000	410.6000	459.1000	1404.5000	379.6000	1991.0000	4450.0000	324.7000	1299.0000	2328.0000	93.2680	1484.0000	4874.0000	378.0000	368.7000	1408.0000	3113.5000	600.0000	1407.0000	2257.0000	302.4000	3040.0000	297.8000	611.5000	639.5000	196.6000	324.0000	333.5000	
1294819200000.0000	263.0000	423.7000	503.9000	1320.0000	380.0000	1514.0000	4542.5000	382.0000	1380.0000	3137.0000	97.2500	1447.0000	5100.0000	356.1000	372.6000	1571.0000	3014.0000	580.0000	1215.0000	2134.5000	345.6000	3396.5000	269.5000	539.0000	520.5000	188.3000	327.4000	460.8000	
1297929600000.0000	246.9000	403.0000	489.3500	1497.0000	346.5000	1470.9950	4498.5000	385.0000	1370.0000	2925.0000	102.7940	1454.0000	4889.0000	371.0000	361.4000	1410.0000	3025.0000	587.5000	1196.0000	2158.5000	340.9000	3295.5000	282.1000	572.0000	535.0000	184.6000	344.2000	377.0000	
1302850800000.0000	229.6000	407.2500	455.7500	1498.0000	348.9000	1626.0030	4316.0000	341.9000	1402.0000	2416.0000	101.3730	1461.0000	5031.0000	377.9000	374.5000	1372.0000	3015.5000	614.5000	1315.0000	2220.0000	334.0000	3138.5000	288.3000	603.5000	572.5000	192.0000	329.3000	339.8000	
1317711600000.0000	148.9000	380.1000	372.0000	1161.5000	322.3000	1521.9970	2712.5000	274.7000	1242.0000	1923.0000	94.7760	1530.0000	3334.0000	299.8000	312.8000	900.5000	2814.5000	621.0000	1283.0000	1941.0000	254.0000	2138.5000	284.8000	624.5000	450.1000	163.8000	297.0000	338.8000	
1324540800000.0000	156.3000	387.6000	450.3000	1335.5000	347.1000	1999.0040	3140.0000	290.3000	1344.0000	2107.0000	98.7000	1454.0000	3740.0000	346.1000	304.0000	1199.0000	2915.0000	589.0000	1242.0000	2407.5000	275.0000	2342.0000	318.5000	603.0000	445.3000	191.1000	285.0000	387.6000	
1301554800000.0000	227.0000	381.0000	454.0000	1551.0000	342.9000	1575.9990	4379.0000	335.3000	1448.0000	2452.0000	100.3770	1461.0000	4920.0000	363.4000	336.7000	1361.0000	2863.0000	591.5000	1261.0000	2260.0000	324.9000	3207.0000	276.0000	594.0000	599.5000	185.6000	325.3000	340.9000	
1323244800000.0000	162.8000	396.9000	460.0500	1374.5000	361.2000	1864.0000	3334.0000	295.5000	1376.0000	2233.0000	97.8180	1470.0000	3971.0000	348.4000	318.0000	1230.0000	2913.5000	598.0000	1258.0000	2336.5000	280.0000	2482.5000	315.5000	609.5000	462.6000	190.1000	288.4000	379.0010	
1316415600000.0000	150.1000	367.7500	407.4000	1258.0000	331.5000	1783.0010	3505.0000	280.6000	1364.0000	2013.0000	91.6480	1475.0000	3870.0000	322.6000	328.7000	1194.0000	2797.5000	601.0000	1287.0000	2081.5000	280.0000	2407.0000	292.8000	626.0000	531.0000	170.9000	293.1000	319.2000	
1308898800000.0000	225.8000	397.3000	437.1500	1275.0000	358.8000	1816.9990	4247.5000	328.4000	1216.0000	2386.0000	92.7570	1388.0000	4601.0000	372.6000	364.4000	1266.0000	3059.0000	568.5000	1392.0000	2116.0000	305.5000	2855.0000	292.0000	591.0000	589.0000	197.1000	323.4000	349.8000	
1296460800000.0000	253.0000	402.7000	484.8500	1401.0000	355.0000	1434.9970	4280.0000	381.5000	1328.0000	2850.0000	99.7230	1368.0000	4760.0000	341.5000	356.5000	1406.0000	3030.5000	543.5000	1159.0000	2171.0000	342.0000	3062.5000	266.5000	552.5000	510.0000	175.5000	319.9000	379.0010	
1299571200000.0000	239.4000	399.0000	493.8000	1456.0000	352.4000	1514.9960	4145.5000	368.6000	1460.0000	2625.0000	103.4200	1503.0000	4886.0000	370.0000	338.5000	1382.0000	2971.0000	588.0000	1220.0000	2168.5000	327.7000	3251.0000	279.8000	573.0000	571.0000	191.1000	337.2000	357.0010	
1304492400000.0000	241.5000	408.6000	448.7000	1457.0000	351.4000	1748.0010	4152.0000	352.0000	1363.0000	2448.0000	96.2830	1484.0000	4843.0000	383.4000	398.9000	1212.0000	3081.0000	628.5000	1326.0000	2281.0000	327.0000	3015.0000	300.3000	612.0000	587.5000	196.7000	315.5000	348.3000	
1300086000000.0000	228.0000	386.1500	459.3000	1514.0000	332.3000	1522.9990	3975.0000	361.2000	1370.0000	2549.0000	99.5240	1442.0000	4578.0000	363.3000	333.0000	1331.0000	2906.5000	571.0000	1184.0000	2085.5000	319.9000	3089.5000	278.5000	555.5000	555.0000	185.2000	325.2000	348.2010	
1314946800000.0000	146.5000	375.0500	374.4000	1301.0000	341.2000	1869.9960	3674.0000	297.4000	1112.0000	1893.0000	92.3590	1441.0000	4064.0000	350.8000	314.9000	1300.0000	2809.5000	592.0000	1276.0000	2048.5000	266.5000	2458.0000	292.0000	619.0000	537.5000	167.1000	295.5000	333.1000	
1311836400000.0000	194.0000	387.5000	458.8000	1471.5000	390.0000	1933.9960	4353.5000	307.0000	1249.0000	2161.0000	94.0650	1451.0000	4655.0000	373.0000	348.5000	1415.0000	3016.5000	594.5000	1327.0000	2275.0000	306.8000	2998.0000	293.0000	604.0000	606.0000	197.9000	313.0000	367.4000	
1307430000000.0000	225.3000	412.0000	448.1500	1365.0000	364.6000	1909.0020	4199.0000	336.7000	1310.0000	2355.0000	92.9280	1460.0000	4684.0000	395.5000	378.5000	1290.0000	3176.0000	608.0000	1391.0000	2132.5000	323.2000	2974.0000	299.4000	593.5000	614.5000	197.6000	322.3000	360.7000	
1310540400000.0000	202.0000	407.8500	456.5000	1427.5000	383.0000	2030.9950	4441.0000	322.7000	1303.0000	2292.0000	91.9890	1453.0000	4882.0000	377.1000	363.8000	1439.0000	3089.0000	589.5000	1416.0000	2242.0000	305.8000	3035.0000	295.6000	610.0000	650.5000	196.7000	324.5000	321.0000	
1306134000000.0000	229.8000	414.8500	452.0000	1343.5000	355.8000	1712.0040	4033.0000	337.5000	1296.0000	2485.0000	97.5340	1477.0000	4608.0000	377.3000	397.0000	1160.0000	3124.0000	613.0000	1327.0000	2099.0000	330.2000	2830.5000	298.3000	623.0000	588.0000	194.9000	315.2000	345.1000	
1317884400000.0000	154.2000	406.0000	392.8000	1281.0000	336.0000	1688.0010	3126.5000	293.6000	1350.0000	2054.0000	97.7330	1552.0000	3764.0000	316.9000	325.3000	1042.0000	2960.5000	620.5000	1339.0000	2071.0000	267.7000	2334.5000	298.2000	641.0000	490.0000	177.4000	304.9000	347.0000	
1323417600000.0000	156.4000	399.0000	452.0500	1348.5000	358.4000	1852.9970	3245.5000	297.2000	1370.0000	2190.0000	99.0410	1478.0000	3922.0000	347.3000	315.3000	1228.0000	2954.5000	601.0000	1255.0000	2356.0000	279.9000	2449.0000	316.6000	605.5000	457.2000	193.4000	286.8000	379.0010	
1316588400000.0000	154.9000	364.0000	404.0500	1252.0000	334.6000	1785.9990	3389.0000	274.5000	1333.0000	2106.0000	92.8700	1502.0000	3777.0000	321.3000	336.7000	1114.0000	2855.5000	610.0000	1316.0000	2092.5000	286.2000	2406.5000	290.7000	647.0000	517.0000	175.7000	293.4000	312.0000	
1313478000000.0000	160.7000	383.0000	416.5500	1318.5000	345.5000	1893.0010	3729.0000	302.5000	1075.0000	1900.0000	95.5150	1461.0000	4029.0000	366.3000	339.5000	1228.0000	2832.5000	592.5000	1265.0000	2012.5000	261.6000	2460.5000	289.6000	600.0000	522.0000	177.0000	304.5000	352.3000	
1312182000000.0000	193.6000	380.9000	458.0000	1435.0000	386.6000	1902.9950	4281.5000	301.8000	1244.0000	2094.0000	96.4530	1416.0000	4516.0000	363.4000	339.1000	1380.0000	2950.5000	584.5000	1288.0000	2228.5000	295.0000	2870.5000	287.9000	590.5000	583.5000	200.0000	303.3000	364.0000	
1296633600000.0000	247.0000	406.0500	488.0000	1462.5000	348.7000	1427.0030	4507.5000	389.0000	1395.0000	2861.0000	100.7190	1400.0000	5027.0000	350.4000	360.0000	1509.0000	2947.5000	550.0000	1162.0000	2251.0000	332.0000	3273.5000	271.0000	548.5000	520.0000	178.5000	326.8000	378.9000	
1299744000000.0000	233.7000	394.5000	476.5000	1419.0000	340.2000	1390.0010	3931.5000	368.4000	1351.0000	2672.0000	101.6000	1485.0000	4600.0000	368.6000	340.0000	1317.0000	2976.0000	581.0000	1208.0000	2101.5000	323.1000	3112.0000	285.0000	580.0000	549.5000	188.7000	337.4000	350.0000	
1304665200000.0000	244.8000	408.2500	454.7000	1435.0000	355.9000	1750.0020	4151.0000	354.5000	1364.0000	2600.0000	95.3160	1490.0000	4860.0000	390.0000	397.6000	1203.0000	3094.0000	626.0000	1307.0000	2235.5000	326.0000	3056.0000	303.3000	615.0000	605.0000	194.8000	315.5000	355.1000	
1319526000000.0000	167.9000	402.9500	457.2000	1378.0000	372.6000	1709.9970	3302.5000	303.0000	1423.0000	2277.0000	99.0130	1516.0000	3921.0000	338.7000	332.2000	1152.0000	3017.0000	613.0000	1345.0000	2293.5000	281.2000	2299.5000	300.7000	634.0000	474.5000	183.9000	301.5000	358.3000	
1295337600000.0000	270.4000	409.0000	509.0000	1366.0000	367.6000	1542.0030	4450.0000	385.0000	1374.0000	3109.0000	101.6290	1446.0000	5004.0000	345.2000	382.1000	1531.0000	3005.5000	570.5000	1213.0000	2129.5000	361.1000	3320.0000	271.0000	540.5000	522.0000	184.0000	335.5000	454.0000	
1300258800000.0000	221.4000	378.0500	450.3000	1489.5000	320.4000	1469.0030	3874.0000	350.6000	1355.0000	2479.0000	95.0310	1390.0000	4427.0000	353.8000	329.3000	1292.0000	2801.5000	551.0000	1196.0000	2050.0000	306.4000	2954.5000	272.2000	544.0000	542.5160	175.5000	317.5000	333.4000	
1325059200000.0000	160.8000	399.8000	455.7500	1361.0000	349.5000	2017.0030	3091.0000	296.1000	1362.0000	2127.0000	100.3770	1483.0000	3695.0000	346.4000	308.6000	1200.0000	2952.0000	598.5000	1265.0000	2427.5000	280.4000	2338.0000	321.1000	619.5000	448.4000	188.0000	287.8000	393.1000	
1321948800000.0000	136.7000	385.8000	435.8000	1263.0000	372.3000	1709.9970	3055.0000	288.2000	1263.0000	2040.0000	95.4860	1565.0000	3531.0000	332.8000	311.3000	1033.0000	2783.0000	610.0000	1257.0000	2193.0000	259.1000	2231.5000	310.5000	636.5000	416.6000	181.2000	289.3000	345.7000	
1307602800000.0000	218.2000	409.6000	450.0500	1370.5000	358.3000	1933.9990	4199.5000	327.6000	1323.0000	2313.0000	91.7900	1467.0000	4649.0000	392.2000	367.8000	1256.0000	3174.5000	606.5000	1410.0000	2164.5000	319.3000	2988.5000	297.2000	600.5000	630.0000	197.0000	327.0000	351.8000	
1310713200000.0000	189.3000	402.9500	459.0000	1399.0000	379.5000	2022.0000	4391.0000	320.9000	1294.0000	2206.0000	90.4250	1428.0000	4680.0000	379.4000	357.0000	1398.0000	3078.5000	584.5000	1414.0000	2235.0000	300.4000	2972.0000	295.4000	603.5000	623.5000	193.0000	317.4000	316.3010	
1298275200000.0000	245.8000	413.5000	491.5500	1457.0000	349.1000	1447.0030	4311.5000	383.0000	1376.0000	2808.0000	102.0840	1464.0000	4749.0000	371.0000	354.9000	1391.0000	3026.5000	589.0000	1206.0000	2166.0000	341.5000	3185.0000	286.3000	566.5000	546.5000	182.1000	341.9000	377.0000	
1303196400000.0000	226.3000	393.5500	452.5000	1481.5000	345.1000	1589.9960	4230.5000	339.2000	1379.0000	2403.0000	99.2970	1435.0000	4942.0000	376.5000	376.5000	1317.0000	2971.0000	607.0000	1300.0000	2162.5000	326.4000	3053.0000	285.3000	592.5000	577.0000	188.7000	326.4000	331.2000	
1306306800000.0000	230.7000	416.5000	457.2000	1391.5000	357.7000	1799.9960	4148.0000	341.9000	1292.0000	2456.0000	95.8840	1488.0000	4688.0000	385.5000	392.6000	1216.0000	3140.5000	617.0000	1332.0000	2123.0000	330.7000	2880.5000	302.4000	617.0000	584.5000	196.9000	318.3000	351.3000	
1324886400000.0000	158.7000	391.0000	459.7000	1348.5000	350.9000	2002.0020	3157.5000	295.2000	1385.0000	2115.0000	100.2640	1481.0000	3748.0000	349.9000	307.0000	1228.0000	2954.5000	597.5000	1258.0000	2427.0000	278.4000	2358.5000	320.7000	618.0000	450.0000	192.5000	290.3000	385.9000	
1301900400000.0000	223.1000	393.7500	469.2500	1556.5000	348.9000	1677.9980	4478.0000	331.6000	1468.0000	2475.0000	101.7140	1474.0000	5064.0000	364.4000	342.3000	1424.0000	2895.0000	600.5000	1305.0000	2290.5000	332.2000	3284.5000	279.2000	600.0000	605.0000	189.7000	331.6000	326.6000	
1316761200000.0000	149.0000	365.2000	385.0500	1162.5000	316.8000	1680.9960	2985.0000	266.3000	1296.0000	2051.0000	91.9040	1464.0000	3523.0000	300.9000	327.9000	971.0000	2776.0000	599.0000	1284.0000	2023.5000	273.8000	2253.0000	284.2000	627.0000	477.0000	168.8000	287.0000	352.0000	
1313650800000.0000	151.3000	371.5500	400.0000	1241.5000	323.0000	1736.0010	3494.5000	298.0000	994.0000	1784.0000	92.3870	1418.0000	3780.0000	348.0000	325.9000	1170.0000	2743.5000	580.0000	1217.0000	1924.0000	253.8000	2299.0000	285.0000	590.0000	492.8000	166.9000	296.2000	323.0000	
1312354800000.0000	181.9000	377.1000	433.0000	1370.5000	380.0000	1820.9970	4015.0000	295.3000	1146.0000	1969.0000	96.9650	1463.0000	4242.0000	368.0000	339.2000	1311.0000	2783.5000	598.0000	1317.0000	2120.5000	284.9000	2779.5000	290.1000	609.5000	565.0000	196.7000	305.3000	338.3010	
1309244400000.0000	222.7000	395.4000	443.5000	1304.5000	368.4000	1852.9960	4337.5000	325.6000	1220.0000	2405.0000	92.1600	1448.0000	4685.0000	374.4000	368.9000	1303.0000	3033.5000	595.7500	1386.0000	2143.0000	308.9000	2957.0000	292.0000	595.0000	600.0000	194.6000	324.4000	352.8000	
1296806400000.0000	241.0000	402.5000	476.2500	1429.0000	348.7000	1482.0040	4497.0000	389.7000	1400.0000	2868.0000	102.0840	1440.0000	5041.0000	356.7000	356.1000	1491.0000	2933.0000	579.0000	1166.0000	2145.0000	336.9000	3335.0000	278.9000	549.5000	525.0000	187.7000	328.1000	385.4000	
1307948400000.0000	210.4000	407.2000	437.5500	1346.5000	351.9000	1874.0010	4105.5000	326.6000	1284.0000	2254.0000	91.1070	1455.0000	4560.0000	385.2000	361.3000	1215.0000	3090.5000	604.5000	1384.0000	2140.0000	313.5000	2900.5000	295.8000	594.5000	604.0000	195.3000	324.2000	354.9000	
1319698800000.0000	176.8000	410.0000	467.8500	1420.0000	396.2000	1728.9960	3562.5000	307.6000	1463.0000	2369.0000	100.7190	1529.0000	4218.0000	350.2000	330.2000	1261.0000	3080.5000	610.5000	1342.0000	2330.0000	286.9000	2466.0000	306.2000	627.5000	480.0000	190.2000	307.2000	369.3000	
1295510400000.0000	262.0000	398.9000	494.0500	1298.5000	354.5000	1419.9950	4237.0000	370.4000	1307.0000	2967.0000	98.2730	1411.0000	4764.0000	336.2000	366.9000	1419.0000	2922.5000	557.0000	1211.0000	2107.0000	343.2000	3067.0000	262.7000	539.0000	494.1000	176.6000	329.5000	382.0000	
1300431600000.0000	232.1000	383.2500	462.0000	1499.0000	332.9000	1518.0020	4016.0000	351.0000	1362.0000	2483.0000	96.6520	1420.0000	4609.0000	360.0000	334.8000	1364.0000	2828.0000	568.5000	1234.0000	2143.5000	318.4000	3037.0000	277.0000	577.0000	551.0000	177.1000	328.5000	337.5000	
1315292400000.0000	137.2000	374.7500	371.6500	1222.5000	318.0000	1833.0000	3549.0000	288.9000	1086.0000	1867.0000	91.0790	1428.0000	3955.0000	339.9000	301.8000	1244.0000	2769.5000	585.5000	1269.0000	1993.0000	264.4000	2383.0000	291.4000	615.0000	512.0000	162.6000	286.8000	321.7000	
1325232000000.0000	165.8000	403.4500	460.5000	1376.5000	352.8000	2017.0030	3125.0000	302.9000	1402.0000	2126.0000	101.7420	1496.0000	3755.0000	352.8000	311.0000	1215.0000	2975.0000	606.0000	1291.0000	2454.0000	285.1000	2379.0000	326.2000	625.0000	455.0000	190.9000	289.3000	392.8000	
1322121600000.0000	148.9000	382.4500	420.5500	1247.0000	359.4000	1710.9970	3030.5000	284.2000	1236.0000	1984.0000	94.4060	1523.0000	3513.0000	329.8000	305.5000	1034.0000	2731.5000	598.0000	1246.0000	2138.5000	251.4000	2196.0000	308.0000	620.0000	420.8000	176.5000	285.8000	352.1000	
1320825600000.0000	157.9000	401.7500	450.0000	1386.0000	386.4000	1770.9990	3484.5000	297.6000	1360.0000	2163.0000	100.4910	1578.0000	3935.0000	328.7000	321.1000	1185.0000	2838.0000	619.5000	1310.0000	2232.0000	271.1000	2353.0000	306.5000	618.5000	448.9000	189.9000	299.5000	346.3000	
1298448000000.0000	240.5000	407.3000	488.5000	1452.5000	338.8000	1412.0010	4207.0000	374.6000	1349.0000	2645.0000	99.8940	1460.0000	4675.0000	348.4000	347.1000	1313.0000	2976.5000	586.5000	1212.0000	2167.0000	327.0000	3116.0000	280.5000	562.0000	543.0000	176.7000	335.1000	355.5000	
1303369200000.0000	238.9000	395.3000	460.6000	1531.5000	351.5000	1666.0020	4402.5000	339.1000	1450.0000	2375.0000	96.1400	1465.0000	5099.0000	379.5000	380.6000	1391.0000	3027.0000	616.5000	1321.0000	2254.0000	324.5000	3162.0000	286.4000	602.0000	589.0000	189.0000	327.0000	333.0000	
1306479600000.0000	234.2000	416.0000	459.6500	1410.5000	360.8000	1814.0020	4267.0000	343.2000	1328.0000	2439.0000	96.3390	1517.0000	4780.0000	392.6000	395.9000	1312.0000	3149.5000	624.0000	1366.0000	2146.0000	330.7000	2992.0000	305.9000	619.5000	604.0000	197.4000	316.9000	361.0000	
1318230000000.0000	162.5000	410.0500	405.1500	1315.0000	351.2000	1739.9980	3247.5000	298.4000	1408.0000	2121.0000	98.5580	1571.0000	3841.0000	324.6000	330.1000	1094.0000	3010.0000	622.0000	1349.0000	2149.5000	270.4000	2417.0000	302.0000	646.0000	508.0000	181.8000	309.8000	361.4010	
1297152000000.0000	246.0000	396.0000	484.5000	1470.0000	366.0000	1494.9960	4712.0000	390.1000	1419.0000	2951.0000	102.1400	1442.0000	5122.0000	368.1000	373.3000	1513.0000	3018.0000	568.0000	1166.0000	2171.5000	346.0000	3406.0000	278.1000	553.0000	518.0000	184.3000	328.0000	390.0010	
1302073200000.0000	234.4000	393.0500	476.5000	1564.0000	346.8000	1673.9960	4430.0000	337.0000	1470.0000	2480.0000	101.0880	1443.0000	5074.0000	371.2000	360.6000	1468.0000	2927.5000	588.0000	1295.0000	2274.0000	331.6000	3294.0000	281.2000	590.0000	607.0000	190.3000	323.8000	337.0000	
1323763200000.0000	152.5000	389.5000	452.2500	1367.0000	347.0000	1849.9990	3185.0000	294.2000	1369.0000	2218.0000	100.7760	1480.0000	3803.0000	348.8000	315.2000	1178.0000	2958.0000	600.0000	1265.0000	2388.0000	275.5000	2367.5000	316.1000	606.5000	444.0000	191.6000	285.5000	374.4000	
1320652800000.0000	159.6000	404.6500	452.8000	1372.0000	380.4000	1754.0000	3467.5000	298.6000	1418.0000	2205.0000	98.3020	1568.0000	3967.0000	336.8000	326.0000	1206.0000	2966.5000	624.0000	1338.0000	2232.5000	272.6000	2369.5000	310.3000	622.5000	467.1000	190.9000	302.5000	352.4000	
1312527600000.0000	172.4000	362.4000	410.6500	1251.0000	350.4000	1706.9990	3622.0000	288.3000	1012.0000	1931.0000	94.1780	1433.0000	3890.0000	358.1000	333.8000	1189.0000	2675.5000	574.0000	1274.0000	1937.0000	262.9000	2521.0000	286.3000	587.5000	522.5000	180.3000	305.0000	334.0000	
1309417200000.0000	224.4000	402.0000	458.6500	1414.0000	381.5000	1929.0020	4490.5000	329.4000	1240.0000	2413.0000	94.0080	1472.0000	4904.0000	382.8000	361.4000	1394.0000	3108.0000	599.0000	1393.0000	2224.0000	318.5000	3087.5000	297.7000	612.5000	620.5000	201.5000	323.3000	359.1000	
1305010800000.0000	248.0000	411.3000	455.4500	1412.5000	361.9000	1792.0020	4235.5000	355.8000	1381.0000	2603.0000	96.4530	1485.0000	4898.0000	398.0000	395.9000	1220.0000	3140.0000	621.5000	1333.0000	2250.0000	332.5000	3055.0000	307.2000	629.5000	614.5000	201.2000	308.7000	357.0010	
1308121200000.0000	215.1000	404.3500	435.5000	1346.0000	357.2000	1896.9970	4111.5000	323.6000	1277.0000	2220.0000	90.7950	1440.0000	4567.0000	378.9000	362.0000	1240.0000	3095.0000	598.5000	1371.0000	2134.0000	313.9000	2863.5000	295.9000	590.5000	609.5000	197.4000	322.1000	352.4000	
1318575600000.0000	165.4000	409.0000	416.4000	1343.5000	367.0000	1727.9960	3345.5000	298.7000	1424.0000	2150.0000	98.8140	1529.0000	3894.0000	326.5000	332.4000	1118.0000	3002.5000	605.5000	1352.0000	2223.0000	285.5000	2361.5000	304.7000	632.5000	496.1000	181.2000	309.9000	361.3000	
1315465200000.0000	143.0000	379.5500	388.5000	1316.5000	324.8000	1912.0000	3697.0000	296.0000	1227.0000	1974.0000	93.2120	1460.0000	4078.0000	337.3000	321.9000	1361.0000	2856.5000	597.0000	1289.0000	2085.0000	277.5000	2486.0000	301.6000	629.5000	535.5000	171.2000	298.3000	329.7000	
1311058800000.0000	180.5000	392.0500	460.6000	1404.5000	371.3000	2001.0030	4366.0000	316.0000	1279.0000	2220.0000	90.2540	1428.0000	4652.0000	372.4000	354.1000	1424.0000	3018.5000	579.5000	1413.0000	2239.0000	298.6000	2953.5000	294.5000	594.5000	614.5000	193.0000	325.8000	306.4010	
1320998400000.0000	163.1000	403.6000	458.3000	1366.0000	383.8000	1806.9960	3467.5000	307.1000	1368.0000	2186.0000	102.3960	1599.0000	3984.0000	335.0000	331.9000	1198.0000	2909.5000	631.0000	1325.0000	2269.0000	283.3000	2467.0000	317.4000	629.0000	463.0000	190.9000	303.3000	355.4000	
1298620800000.0000	242.4000	406.0500	494.7500	1497.0000	338.1000	1425.0020	4265.5000	374.7000	1415.0000	2766.0000	99.4050	1473.0000	4865.0000	363.2000	351.0000	1397.0000	2960.0000	590.0000	1219.0000	2202.5000	327.6000	3307.0000	282.8000	570.5000	547.5000	178.7000	339.2000	355.8000	
1318402800000.0000	165.6000	400.7500	411.9500	1314.0000	357.1000	1724.9980	3362.0000	293.8000	1343.0000	2192.0000	97.7330	1553.0000	3929.0000	325.6000	328.9000	1151.0000	3005.0000	611.5000	1338.0000	2167.5000	282.0000	2420.0000	299.4000	631.5000	522.5000	184.1000	311.9000	367.1000	
1294214400000.0000	258.7000	436.6500	499.2500	1331.0000	371.2000	1487.0020	4476.5000	386.0000	1346.0000	3153.0000	99.6950	1465.0000	5068.0000	339.1000	375.0000	1586.0000	3009.0000	595.0000	1242.0000	2141.5000	341.8000	3348.5000	272.0000	579.0000	528.0000	186.1000	335.7000	457.7000	
1297324800000.0000	243.4000	394.7500	476.7000	1472.5000	357.7000	1505.0000	4549.0000	387.7000	1399.0000	2949.0000	102.7380	1440.0000	4968.0000	368.7000	371.6000	1430.0000	3026.5000	565.0000	1173.0000	2127.5000	350.1000	3308.5000	278.0000	565.0000	526.0000	185.7000	333.8000	380.5000	
1302246000000.0000	233.4000	395.5500	478.5000	1548.0000	350.7120	1666.0020	4524.0000	338.2000	1475.0000	2373.0000	100.8890	1438.0000	5171.0000	372.5000	359.6000	1477.0000	2949.5000	599.0000	1312.0000	2286.0000	336.7000	3307.3200	281.3000	589.5000	607.8810	191.0000	320.3000	324.3000	
1323936000000.0000	155.9000	386.3000	447.8500	1316.5000	339.7000	1808.9950	3029.0000	289.9000	1316.0000	2140.0000	99.4960	1474.0000	3672.0000	341.0000	310.4000	1130.0000	2929.5000	592.0000	1265.0000	2340.0000	271.6000	2308.0000	317.7000	612.0000	440.0000	187.8000	287.0000	376.2000	
1317106800000.0000	158.7000	384.5000	404.7500	1221.0000	332.8000	1758.9970	3196.5000	278.3000	1324.0000	2102.0000	94.5200	1526.0000	3751.0000	315.1000	332.5000	1052.0000	2879.5000	612.5000	1300.0000	2069.0000	276.4000	2426.5000	291.3000	629.0000	498.0000	175.1000	301.1000	357.0010	
1313996400000.0000	148.0000	377.7000	390.2000	1237.0000	317.6000	1716.0030	3421.0000	301.7000	945.5000	1750.0000	92.7000	1435.0000	3757.0000	341.1000	329.5000	1212.0000	2822.0000	580.5000	1233.0000	1936.0000	258.1000	2249.5000	284.8000	600.5000	489.8000	162.8000	300.8000	320.7010	
1305183600000.0000	247.0000	420.0500	443.2500	1340.5000	357.5000	1777.9960	4114.5000	355.3000	1332.0000	2642.0000	95.4010	1507.0000	4727.0000	390.7000	402.2000	1142.0000	3186.5000	624.5000	1368.0000	2179.5000	334.4000	2936.5000	303.7000	629.0000	603.0000	199.0000	318.2000	359.6000	
1308294000000.0000	216.2000	401.8000	433.2000	1322.0000	358.9000	1911.0030	4085.0000	325.0000	1264.0000	2211.0000	90.7950	1445.0000	4528.0000	377.6000	364.0000	1222.0000	3047.5000	596.0000	1368.0000	2128.0000	309.9000	2836.0000	296.1000	589.0000	599.5000	195.0000	320.3000	347.2000	
1320044400000.0000	170.7000	401.7500	461.0000	1356.5000	384.6000	1711.9960	3385.0000	299.1000	1403.0000	2283.0000	98.3020	1516.0000	3935.0000	346.1000	321.9000	1167.0000	2986.0000	606.5000	1344.0000	2235.5000	276.6000	2293.5000	302.2000	617.5000	475.0000	188.1000	296.7000	356.0000	
1295856000000.0000	267.1000	405.5000	497.0000	1322.5000	358.6000	1414.0020	4347.5000	373.4000	1340.0000	2941.0000	101.1740	1416.0000	4865.0000	336.3000	369.4000	1408.0000	3032.0000	552.5000	1222.0000	2170.5000	353.0000	3126.0000	267.6000	551.5000	491.2000	172.9000	327.1000	384.9000	
1300777200000.0000	228.2000	379.0000	463.6000	1505.5000	333.7000	1518.9970	4013.5000	354.3000	1388.0000	2452.0000	99.2400	1420.0000	4550.0000	363.0000	340.5000	1353.0000	2848.5000	580.5000	1232.0000	2186.5000	320.5000	3056.5000	276.3000	585.5000	559.0000	181.8000	326.0000	334.2000	
1303887600000.0000	239.5000	402.9000	466.0000	1543.0000	353.9000	1785.9990	4334.5000	347.2000	1445.0000	2432.0000	98.7280	1484.0000	5010.0000	387.0000	391.0000	1359.0000	3097.5000	622.5000	1350.0000	2317.0000	328.0000	3084.5000	295.5000	609.0000	595.5000	193.2000	321.4000	348.0000	
1322467200000.0000	160.0000	396.2500	437.8000	1298.5000	370.9000	1775.9960	3164.0000	293.6000	1308.0000	2066.0000	95.8560	1529.0000	3673.0000	338.4000	317.8000	1094.0000	2821.0000	610.0000	1287.0000	2197.0000	260.9000	2316.5000	315.3000	639.0000	438.9000	183.4000	292.7000	367.0000	
1314342000000.0000	149.7000	365.6000	386.3000	1230.5000	326.3000	1798.0020	3523.0000	292.0000	999.5000	1837.0000	92.0740	1429.0000	3918.0000	341.1000	309.8000	1208.0000	2811.5000	581.0000	1237.0000	1957.5000	260.2000	2335.5000	280.2000	602.0000	507.0000	161.0000	295.8000	324.3000	
1311231600000.0000	189.3000	391.8500	470.0000	1401.0000	386.3000	1981.9950	4376.5000	311.7000	1287.0000	2252.0000	91.7330	1444.0000	4719.0000	384.2000	353.7000	1432.0000	3092.0000	584.0000	1404.0000	2282.5000	304.0000	2989.5000	289.1000	602.0000	611.5000	197.0000	329.9000	312.7000	
1306825200000.0000	235.0000	419.0500	468.3500	1406.5000	366.8000	1867.0020	4245.0000	345.6000	1347.0000	2441.0000	96.0840	1514.0000	4806.0000	400.0000	398.9000	1329.0000	3177.5000	622.0000	1378.0000	2199.0000	330.2000	3030.0000	303.6000	626.0000	611.5000	200.8000	318.1000	363.0000	
1294387200000.0000	253.6000	429.6500	492.5000	1325.0000	377.9000	1454.0010	4426.5000	391.5000	1331.0000	3147.0000	99.3820	1470.0000	4985.0000	346.6000	388.4000	1511.0000	2989.0000	599.5000	1229.0000	2119.0000	346.8000	3281.0000	270.0000	576.5000	518.5000	185.0000	336.2000	474.0000	
1314169200000.0000	151.1000	377.3000	399.2500	1267.5000	323.8000	1763.0040	3505.5000	305.5000	1026.0000	1816.0000	95.5440	1457.0000	3865.0000	348.9000	330.8000	1203.0000	2873.5000	586.5000	1265.0000	1987.0000	266.9000	2287.0000	287.4000	611.0000	500.5000	168.9000	308.0000	320.9000	
1317279600000.0000	152.5000	380.4500	391.8000	1237.0000	334.9000	1682.0050	2966.5000	274.3000	1312.0000	2061.0000	95.0600	1526.0000	3530.0000	316.2000	326.0000	958.5000	2874.5000	620.0000	1306.0000	2020.0000	268.2000	2291.5000	287.6000	640.0000	483.0000	175.3000	297.0000	353.4000	
1312873200000.0000	167.5000	370.1500	405.2500	1237.5000	342.3000	1700.0030	3548.0000	289.8000	1000.0000	1869.0000	91.8470	1411.0000	3822.0000	351.5000	329.8000	1205.0000	2597.5000	565.0000	1203.0000	1948.0000	256.2000	2419.5000	280.5000	571.5000	506.0000	167.8000	294.6000	329.4000	
1309762800000.0000	227.0000	404.3500	462.8500	1439.0000	385.5000	1980.0010	4536.5000	330.2000	1253.0000	2465.0000	93.8370	1496.0000	4946.0000	391.8000	366.8000	1431.0000	3150.0000	611.0000	1402.0000	2255.5000	319.0000	3115.0000	297.5000	614.5000	645.0000	200.5000	328.9000	366.2000	
1320217200000.0000	166.4000	401.7500	452.6000	1392.0000	380.3000	1697.9950	3375.0000	297.2000	1405.0000	2211.0000	98.6140	1521.0000	3904.0000	338.6000	314.8000	1174.0000	2961.5000	611.0000	1338.0000	2225.5000	269.0000	2299.5000	305.2000	623.5000	462.1000	187.4000	295.8000	352.2000	
1296028800000.0000	271.3000	403.0000	491.7000	1372.0000	363.8000	1485.0010	4400.0000	371.7000	1346.0000	3000.0000	102.7380	1423.0000	4892.0000	343.7000	366.0000	1436.0000	3073.5000	558.5000	1178.0000	2177.0000	355.6000	3155.5000	266.4000	546.5000	504.5000	180.5000	326.9000	379.6000	
1300950000000.0000	226.5000	389.0000	480.9000	1538.0000	338.0000	1547.9960	4231.5000	341.0000	1415.0000	2491.0000	99.9790	1431.0000	4716.0000	363.8000	358.1000	1416.0000	2849.5000	584.5000	1218.0000	2225.5000	327.2000	3184.5000	276.1000	589.5000	575.0000	181.5000	323.0000	327.7000	
1318921200000.0000	160.2000	404.7000	430.9000	1352.0000	370.9000	1738.9990	3159.5000	298.5000	1410.0000	2176.0000	98.0740	1521.0000	3788.0000	321.6000	329.4000	1071.0000	2971.5000	604.5000	1340.0000	2238.0000	285.2000	2270.0000	301.0000	639.0000	487.3000	178.9000	304.4000	350.4010	
1315810800000.0000	137.8000	363.7000	375.5000	1242.0000	306.0000	1817.0000	3510.0000	275.6000	1397.0000	1931.0000	89.8560	1420.0000	3867.0000	319.5000	315.0000	1249.0000	2738.5000	582.0000	1254.0000	2016.5000	271.0000	2358.5000	294.0000	616.0000	506.0000	162.3000	289.1000	307.7000	
1322640000000.0000	172.4000	405.2000	460.7500	1358.5000	380.8000	1890.0030	3339.0000	304.0000	1386.0000	2195.0000	97.9320	1544.0000	3898.0000	343.8000	330.2000	1184.0000	2940.0000	629.0000	1315.0000	2286.0000	273.7000	2420.0000	322.0000	624.5000	457.4000	190.0000	301.8000	379.0010	
